100
0 8 27 9 7 28 14 19 37 15 21 107 5 139 11 23 231 449 30 2074 2207 1068 2736 1260 2919 196 7671 2020 2552 3203 135 35 742 4235 61 459 3293 716 38 3652 2849 131 82 646 147 8549 55 41 887 2 1933 20 7266 2862 489 7085 123 5046 1227 96 398 383 1183 63
1 3198 1572 485 1089 404 869 5367 126 199 8734 8 549 2572 1597 1679 1388 253 120 27 65 252 940 9 1440 2902 684 28 1468 1632 7292 484 37 63 9030 7 5515 19 815 5247 280 4703 164 596 14 121 290 2140 4864 2158 1290 135 7269 158 3747 72 58 4525 735 57 123 1189 5011 187 268 9356 1581 4589 62 1134 240 102 15 1287 3961 5311 21 301 30 309 3543 6628 1327 88 5 3996 398 594 178 288 2061 74 11 3912 436 7597 147 2226 831 9903 110 41 6649 1783 23 4334 928
2 3244 1495 138 3774 867 155 2700 252 1604 69 485 1434 8734 356 8 751 3706 126 27 120 6668 1756 355 8528 63 303 9301 2707 2244 65 139 9 2741 8761 1506 28 243 107 4820 2857 268 5659 4848 927 3818 637 121 102 8374 37 184 197 7 632 776 19 6515 348 74 342 131 332 72 1522 961 6575 14 940 4725 4834 4089 62 487 3141 524 3407 389 57 737 2703 1128 703 158 371 484 82 3981 114 15 8156 7218 1629 161 2610 103 58 442 1562 7042 1114 1195 9464 193 1122 21 110 7798 164 253 6188 198 1548 277 1386 2136 3824 1925 140 1106 1494 1558 30 5 646 715 132 1611 3095 616 482
3 8 27 69 28 9 7 14 37 19 62 15 57 5 30 21 11 58 6961 20 102 204 289 41 207 82 3293 1300 4098 44 1577 2840 22 7924 1124 2 949 210 16 651 23 8332 70 1665 7792 403 54 6037 332 38 84 903 1841 92 271 1054 6 2191
4 8 9 28 7 19 14 27 57 15 37 21 5 102 11 45 183 6913 110 30 3689 20 55 119 8901 23 342 1843 97 228 552 2 5390 335 54 117 941 454 235 22 1623 212 118 9464 587 2052 86 38 4791 1469 6 319 62 17 123 3995 1073
5 1958 3849 155 6698 797 869 859 1184 1263 199 482 621 120 69 8 27 977 329 566 28 9 184 65 63 253 107 915 37 7 681 972 193 907 19 62 14 1332 4807 4314 1697 501 880 342 439 78 139 524 538 784 152 325 1031 432 135 513 61 15 204 1222 82 612 4849 1095 145 749 21 175 30 299 231 4805 5 686 8733 3315 210 11 1772 8332 9786 1300 3016 88 267 35 1556 157 1853 715 56 511 1884 44 178 23 212 20 526 1183 829
6 176 120 69 197 8 27 138 164 155 148 9 28 126 107 7 19 135 37 14 2871 72 78 65 63 62 15 158 114 57 112 30 58 5 121 21 11 44 8739 500 1376 2627 56 596 152 3537 9459 240 1023 385 20 38 23 35 377 747 61 253 9749 330 8307 70 110 716 2666 3913 511 55 310 256 119 207 388 157 1198 178 9701 196 4801 4575 2841
7 1315 176 485 303 4371 948 355 5429 4023 69 8 725 468 197 27 63 184 4848 2744 28 290 229 681 9 121 107 999 9225 7 252 524 331 37 2983 102 74 224 1452 236 371 583 211 1296 131 8660 3054 332 139 19 880 659 14 650 382 78 329 57 5069 15 114 62 72 1704 1959 58 1027 1985 21 30 65 393 82 5 1762 398 7791 342 44 459 277 1207 1590 933 132 11 38 119 3500 2218 2205 1966 140 356 1215 23 35 429 55 45 273 762 9299 2653
8 126 8 69 27 9 65 28 63 37 7 19 158 484 62 14 152 78 15 88 5 21 103 11 157 596 35 20 112 984 500 8149 4320 22 125 38 92 44 2908 265 54 1733 631 16 74 97 4517 45 261 41 424 17 2 137 396 594 299 7250 82 5132 4152 228 1971 56 849 1780
9 6729 138 554 2955 725 176 155 1790 2700 2120 468 126 948 8034 69 5200 120 1881 355 236 4390 5621 873 7518 404 121 199 731 899 8 27 290 869 1122 410 442 2170 1270 316 1756 184 148 63 1510 671 1554 252 2238 5725 193 7594 1077 139 737 1395 957 28 665 309 9 1679 1812 3053 915 7211 2735 65 4103 686 107 4881 595 650 197 224 253 243 720 2973 166 145 382 9652 268 1930 1771 2923 62 135 37 5442 7 962 6718 1312 1408 7147 164 114 2616 542 1168 19 249 9993 2820 8835 2140 330 229 158 2639 2744 7878 211 187 14 7003 4308 4421 653 451 299 78 7401 72 2136 2258 2079 2726 3369 552 2563 784 5349 494 4938 1661 524 1599 2538 2562 6234 1287 5862 389 6502 1313 1388 2721 123 637 4962 331 727 15 805 6304 1106 2187 432 3121 58 2359 117 2162 204 57 510
10 2848 5926 1737 859 3477 138 621 468 126 355 356 4978 303 679 69 8 909 3071 624 253 27 371 243 6379 224 139 9086 681 290 850 1524 148 236 372 28 63 120 9 1132 199 309 1667 2872 1324 193 849 9053 4430 65 4317 197 957 389 131 329 4985 72 583 62 482 4281 114 7 4090 37 19 4609 229 346 3635 152 2950 268 476 166 14 332 211 638 4226 2533 187 74 2088 7408 703 5463 6543 1601 78 3890 1692 2453 1155 501 1506 4372 6539 524 135 2692 158 1005 836 61 15 299 708 9335 300 707 829 161 513 123 157 823 429 598 1041 176 2922 21 800 110 1275 615 5 8860 82 88 390 198 2757 184
11 138 120 3457 303 1122 6656 2003 236 404 69 199 356 442 671 252 737 8 290 27 316 653 482 139 224 121 650 229 2614 3591 371 9 28 65 184 432 72 63 148 131 3239 3182 2261 7 2521 6082 19 301 37 709 542 74 14 2205 1807 659 249 102 7155 78 126 1001 15 1558 734 112 992 117 123 8168 7147 4801 57 84 646 5 599 8388 5404 21 62 857 742 1011 762 35 3204 1606 114 61 343 11 388 746 933 1745 23 70 3224 2231 1621 245 30 1805 6134 534 7559
12 1502 554 1310 138 1077 155 2371 3483 7929 4500 1263 4977 120 2757 2177 126 252 121 69 3379 1591 8 176 166 1476 5313 2148 2153 27 290 63 253 1850 316 2116 2612 28 224 8707 2902 867 2291 9 782 65 737 2159 184 3818 303 869 3887 624 484 243 72 1327 382 3635 4336 139 7 3295 62 751 78 19 199 135 4881 37 1005 482 14 57 6178 637 164 2196 879 3517 1550 300 662 2709 659 1613 928 229 58 2697 117 346 1031 1587 61 206 8015 612 735 348 517 3533 439 114 1836 82 7742 776 131 1524 1401 480 2063 15 7977 158 1204 140 8834 5595 3598 1733 663 2316 992 1472 429 193 3581 30 21 6001 2824 9817 1638 110 123 288 519 107
13 8 27 9 7 37 28 19 14 72 65 82 57 5 15 21 11 58 23 38 35 233 117 17 2 20 393 2790 2794 56 3676 429 63 6 54 2922 83 6131 55 1988 1442 2285 183 769 158 119 16 731 275 2852 207 147 13 4094 757 976 1869 86 595
14 708 9559 1384 355 404 236 69 4594 138 6979 948 3398 148 121 8 5721 253 1131 27 2433 410 65 9 1324 653 28 139 107 3046 3759 1524 737 229 290 1799 4188 166 6087 102 7 3410 8965 3839 495 243 14 19 2604 1095 5850 764 280 37 5845 114 72 3642 224 5038 131 2063 7226 3549 371 3162 15 135 316 325 1119 58 112 74 63 231 749 710 1244 2859 1750 1351 249 152 9868 5 35 707 717 735 78 21 11 1558 9206 486 1450 84 235 38 966 30 825 23 212 45 5312 6577 120
15 138 2818 5482 968 3774 155 9365 468 1597 1766 686 126 2003 120 4288 6459 4148 3198 329 6222 8 69 7151 27 5101 2521 1679 193 166 6086 63 5429 9572 199 356 915 4810 7585 389 9 107 979 28 145 280 1270 3378 2858 224 65 7832 152 285 243 37 164 301 7 316 102 8156 121 1734 5720 19 131 62 14 824 1114 2444 1692 1756 1161 542 57 1312 206 720 3543 476 1903 139 78 1168 7461 187 135 58 2659 2338 123 9639 103 15 2114 517 594 61 346 967 268 1124 4819 2825 157 7866 21 82 84 331 9592 8819 132 6837 5 1298 88 8787 901 561 812 1423 161 646 9831 2810 1530 72 343 2383 1429 725
16 8 9 28 7 27 14 19 63 62 15 5 21 11 37 22 166 56 110 6031 118 256 20 2 65 496 17 1000 275 6630 8427 238 151 289 16 30 6 4797 5791 1596 1100 417 1097 84 195 3243 13 175 231 73 264 38 119 2767 356
17 6049 797 3923 138 968 2614 252 4607 199 731 8 126 69 940 184 329 1524 751 1352 665 285 1554 63 28 27 6378 9 879 4343 65 176 139 7 2296 19 102 62 72 107 346 14 131 637 549 8015 74 78 510 5404 3977 37 1270 4063 1591 2145 356 15 249 4167 583 61 21 339 96 145 9470 454 2981 273 5 390 44 57 5558 5278 23 536 11 30 1019 110 20 1420 1621 1483 396 178 9803 1298 3306 2288 3912 5893 210 6783 245 5218 35 2342 1801
18 138 4102 1604 120 356 7984 121 8 184 8703 1052 3410 3158 27 69 28 609 253 1756 6787 9 252 229 355 1256 7557 720 152 176 879 193 211 585 1222 7 2651 8360 19 330 14 1799 5751 37 1350 325 114 187 1352 4558 62 107 148 158 1506 157 8100 495 15 6180 4703 1718 78 496 123 342 30 1398 6475 21 1772 587 3036 1949 5 35 178 5576 4089 102 198 56 339 1251 1095 3121 6756 1292 598 715 910 613 365 421 534 207 245 2416 288 1298 11
19 69 8 27 126 28 139 9 303 1434 37 72 65 7 14 62 19 57 476 61 15 102 21 5 82 63 78 23 74 11 1665 2432 2403 1587 764 480 659 2000 331 245 44 146 55 1702 4872 429 20 92 985 333 240 30 812 35 598 778 3498 2416 5108 769 73 228 70 175 56 1985 277 921 45 871 444 4137 2171 1524
20 1290 2153 5526 2591 138 176 3198 155 120 709 3497 126 4171 69 1184 3172 148 252 7347 797 686 8454 184 655 8 27 549 121 3483 3441 410 2659 2930 7048 1052 1476 63 9519 624 442 107 4688 193 751 5973 9 4225 1638 1005 859 595 28 280 7081 6373 62 935 1168 158 4067 1412 152 7 1122 19 331 632 37 14 907 131 102 243 1783 1771 301 332 114 6362 7069 542 2047 206 199 166 1522 561 78 4408 5514 784 4662 5329 3286 805 249 1768 482 843 135 82 3533 15 117 187 2298 299 65 58 1789 1027 123 487 57 6767 3718 636 778 516 777 647 161 2150 1702 84 74 198 585 88 44 9521 21 1611 967 5 4919 962 9562
21 2848 2264 1482 7242 176 5482 5554 5985 1384 1089 797 69 252 199 6379 8 120 3199 1610 27 126 121 184 236 6115 737 494 1756 3880 850 1554 2612 28 1513 1131 164 9 65 1667 148 4413 940 5011 3398 625 3262 2573 107 342 268 280 7382 1888 583 5616 356 139 3455 4609 249 3884 37 8243 7 5442 152 1876 19 74 2106 4397 72 1524 14 63 331 3196 78 747 1128 2316 6848 1350 1222 131 211 1174 2526 2169 166 878 58 4373 389 1807 1723 4021 1161 1321 15 9677 4837 123 82 3747 3251 103 9271 161 542 4724 61 451 21 8360 3964 132 62 57 5269 595 4100 390 1988 5 5661 44 393 1478 198 84 2025 395 849
22 1310 1290 138 9517 7624 2818 859 583 1173 1888 155 977 468 2402 69 442 236 4347 6035 197 2045 148 1930 3211 8 193 3379 404 126 184 355 356 166 253 6404 316 63 27 303 650 2503 5110 28 389 7293 224 9 2198 3424 751 139 8955 107 4510 2304 121 684 37 65 6288 72 102 7 782 731 164 114 3543 19 62 14 843 7508 229 57 552 74 5565 9425 881 299 1770 301 1194 198 1423 1098 8226 805 8677 476 480 280 513 157 61 2768 2577 285 424 4863 3680 7387 187 342 135 15 117 131 78 161 4099 2000 6747 1428 2163 96 387 145 268 211 1805 3361 2450 375 58 1223 21 5600 2190 147 5 44 432 784
23 138 126 1951 3700 252 1452 8 184 27 355 549 2198 482 28 7658 1597 107 4994 2579 1413 63 9 152 65 1506 139 3600 145 1152 7 2282 7918 7325 19 524 316 158 37 1981 3839 131 72 14 4864 8116 325 4336 611 4350 375 3284 2169 443 114 2142 121 5336 58 8802 135 1959 74 1967 909 197 15 6644 915 249 78 57 572 429 5 6684 187 9888 44 21 30 3706 35 123 11 3525 750 82 55 2768 343 231 125 70 23 545 1480 8146 38 1686 20 702 2205 120
24 2060 138 708 1173 1572 725 6698 900 977 120 2614 8450 126 554 3483 252 404 3046 621 940 1334 6138 1412 8 184 236 6238 3706 482 6347 27 5333 494 69 2444 679 655 426 139 961 193 8139 65 148 28 303 1930 9 285 1793 290 2136 2168 5350 3563 145 7086 9335 585 229 316 1195 1284 330 671 3455 3447 1321 1184 1429 62 1584 1151 542 1468 72 1152 7373 102 197 37 681 7 382 299 948 5643 131 2214 74 19 1174 979 164 14 873 451 1114 2187 114 243 1065 1153 7908 78 8488 135 7387 5395 6335 8138 9947 1134 1119 1385 1862 58 1911 1376 2374 726 121 599 612 57 1972 253 611 82 15 2692 2348 117 3119 747 204 21 764 103 3281 2956 123 971 390 1256 1900 769 1454 881 990 914 155
25 69 8 27 9 120 199 28 107 164 7 37 14 19 72 63 102 57 82 15 21 103 5 390 1645 594 161 409 240 5511 146 587 2709 70 952 2571 408 267 2175 23 7636 88 44 11 1112 2770 38 538 2582 140 157 830 2420 9205 2191 45 1126 35 73 261 1733 3479 22 577 41 62 2768 115 1347 301 659
26 138 554 3110 1077 1951 485 948 2889 797 5959 5381 1656 199 69 6577 155 4090 126 8 1388 27 120 63 9927 4807 3158 1584 303 253 1850 28 197 1667 4497 9 6369 309 1395 371 107 139 4813 907 4335 65 299 280 2905 585 249 9542 915 979 7 72 166 19 1152 131 9351 62 8152 2809 3540 3194 187 342 824 501 665 1429 193 494 1330 14 561 37 3532 372 2296 1420 737 2844 513 1862 7315 1350 4568 2419 1027 1093 3025 152 114 2067 161 4040 4704 145 164 1436 841 15 103 1155 5205 587 21 1352 30 74 1332 739 267 9710 8465 2104 637 655 110 329 725 5 2552 1736 289 403 23 7234 38 11 2073 957 184 977
27 1954 2780 2889 176 138 482 69 8761 121 120 8 27 679 849 1395 1412 63 9 107 7753 28 155 1385 410 139 164 299 4962 37 815 2296 4403 4978 7 184 65 552 166 19 329 72 604 14 78 909 395 841 152 389 57 62 3582 1476 646 1117 300 131 135 2200 157 15 1732 2180 734 1004 1921 187 82 206 764 2837 21 343 6756 1718 429 626 5 74 277 2231 112 3692 35 1491 117 3179 2171 119 1754 500 23 967 30 11 1702 1529 84 1721 396 4610 2430 1452
28 709 121 8 27 63 126 549 28 9 199 69 164 252 7 197 19 37 148 131 14 253 236 65 120 135 62 15 117 8492 5483 681 78 57 161 74 44 5626 735 5 21 1344 830 815 30 4425 619 96 444 3428 38 88 132 23 325 55 1522 3631 861 11 884 1001 300 383 2576 119 1008 1019 487 9338 321 97 20 103 422 1137 6785 2325 178 795 574 2688 1778 612 3398 5603
29 69 8 27 9 268 243 7 19 57 28 62 14 15 330 135 131 37 74 58 5 114 63 647 65 5447 21 2000 331 1568 147 11 82 612 161 84 1607 38 3141 255 391 56 496 2348 41 1537 30 73 110 566 300 1803 20 23 178 984 550 92 1073 594 35 256 45 1491 513 274 451 393 434 1149 4478 977
30 621 126 8 1610 27 120 199 9 28 121 63 19 7 14 65 37 612 62 21 15 184 5 44 288 78 1210 8875 61 2427 9360 11 38 9246 198 22 30 20 35 377 56 57 23 145 41 3246 1871 55 162 70 742 5484 3943 2853 1933 82 1904 4703 280 4429 274 3768 1456 73 2 110 2762 1187 16 5667 2296
31 138 621 126 583 468 482 199 797 252 69 6572 549 2504 356 27 8 8219 120 624 4397 1734 166 193 253 1052 7454 1171 1065 6141 4487 985 1506 28 9 4787 957 176 63 6385 8707 184 3008 915 1320 2383 609 280 9146 72 131 1093 102 443 4818 1793 2196 62 3676 7218 7 1989 197 1151 211 451 1911 19 1834 135 14 1780 37 249 121 1330 158 776 867 57 114 117 2649 1756 7759 224 7110 3543 881 596 74 15 2919 1914 869 58 1159 1528 82 61 1137 273 65 8058 9162 408 175 132 1114 2560 1352 424 647 84 2134 139 5667 1530 88 5 531 9840 8719 110 4061 30 6292 243 96 231 1343 5091
32 5921 138 554 3849 3110 900 859 3992 968 1334 176 155 709 1315 120 404 468 69 1597 2841 2486 4364 2402 4390 869 148 1917 797 5051 850 728 121 1122 126 184 2659 3398 197 2700 8 1780 3470 655 1604 1583 684 1200 166 5448 3160 27 2076 199 549 63 309 316 609 236 4281 5091 957 653 6379 909 999 9 3053 2825 1771 1799 139 426 1506 624 28 152 280 268 253 2614 2526 720 5615 65 2717 193 1387 2819 1065 301 3489 5838 37 131 135 7 107 72 62 552 662 114 1284 995 1106 625 4157 355 1151 19 451 342 102 6188 1412 1725 880 4460 727 14 74 4741 332 8993 3131 78 1783 4040 632 4589 782 6915 7013 8988 371 57 7708 3458 6174 164 432 1031 1627 2045 824 1457 331 646 2185 6045 2684 764 117 1476 382 5124 7559 9351 15 1750 161 82 175 2978 204 123 1194 1862 1000 663 6005 3071
33 2848 3097 1954 708 176 554 6656 5150 1917 126 482 9933 1384 69 3600 1387 138 8751 1365 1597 8 5860 9896 3514 2291 199 2274 751 4820 356 120 4881 193 9572 4953 27 4510 995 5754 309 609 1583 63 243 1951 979 3248 665 28 65 9 164 6539 1413 316 280 2717 4172 2116 224 5011 107 102 3053 145 158 3639 3142 7 443 1667 659 8853 2425 19 229 990 7437 14 501 37 2849 1783 57 5973 487 432 131 299 4676 2521 2313 301 1224 114 58 4040 62 5434 252 211 5255 74 82 395 574 9716 342 61 157 204 1807 139 15 523 332 3686 6050 1989 132 2547 1019 96 2020 2033 21 30 2845 3624 6946 1113 880 5 843 1604 2666 147 123 197
34 6604 138 2153 155 2955 1077 9894 120 909 621 148 252 69 482 121 442 126 329 8 1583 1283 751 27 224 63 164 3441 9 4895 899 152 285 1587 290 139 1106 166 7 28 850 19 4104 37 720 5850 14 74 229 665 3768 325 62 102 57 145 211 990 65 58 1612 2593 78 574 4417 8355 15 175 1521 3222 206 114 82 3514 6756 6259 679 4133 1386 515 1627 3516 21 196 8076 88 519 1768 7774 7279 4672 1344 5 1149 1884 35 70 396 30 117 146 301 11 9485 3773 510 274 715
35 69 8 63 27 28 9 7 19 14 107 72 114 907 37 15 57 5 11 23 61 8315 454 55 3126 3977 212 1186 82 1506 157 1260 6962 388 277 38 2 118 763 4710 70 97 131 20 137 17 21 132 16 3011 1883 444 675 1607 3983 5552 272 60 123 344 52 653
36 5526 120 8 252 27 1638 9 126 1052 193 7 37 69 184 19 107 14 199 102 28 63 15 57 161 61 5 280 30 2180 681 35 1225 2147 21 396 9246 1351 4984 11 3996 907 1151 20 409 157 1936 4724 41 634 5545 2612 3317 7267 1966 2360 125 119 45 1340 969 2979 1508 717 455 16 1404 88 2 118 17 408 727
37 1737 3097 968 1482 176 155 1089 4347 2513 126 5862 69 919 2713 8 356 371 27 121 410 2073 2612 303 28 9 2444 6577 236 62 166 268 4864 776 1222 7 19 395 2430 37 114 1256 8702 1343 1575 487 3412 57 2126 14 594 139 3222 5084 198 2292 252 6523 9346 58 102 15 65 1446 74 1921 2248 8044 204 653 587 82 21 30 2147 2941 5 78 44 63 88 4995 140 11 158 333 56 6755 2787 1891 38 4619 148 6762 92 455 20 23 41 73 520 240 2158 2688
38 8 27 9 7 19 14 15 5 11 20 21 2 22 41 58 171 97 17 44 125 4361 38 4507 23 65 6 16 235 3490 2173 60 61 96 1772 2696 172 30 95 590 2992 5512 13 56 2334 2417 1041 735 5419 137 73 83 1131
39 1671 138 968 5381 554 4768 5921 797 468 2383 355 7104 176 977 2889 728 120 3389 731 69 8 686 166 3182 148 1171 27 184 5895 2503 1930 5546 1395 979 896 7048 879 9 356 878 139 632 9611 389 152 595 65 1520 309 5480 193 107 301 280 28 7 583 5634 1667 2138 74 747 37 4302 19 566 62 102 14 5391 2088 2688 1153 299 1369 135 5705 2523 4430 3493 114 439 8334 726 4388 1222 7108 204 6234 393 1251 57 3631 2143 1854 158 1098 2825 15 161 8316 267 21 646 387 1313 1112 30 58 750 1227 110 1546 88 4028 5 1597 1723 1324 647 96 61 146 3983 23 3053 273
40 8 69 27 155 28 9 120 329 107 37 7 19 14 78 15 61 316 538 30 5 21 57 11 125 84 35 97 216 451 23 20 62 972 245 1224 132 3400 5296 1401 2143 210 1161 22 271 73 38 45 44 3345 96 1792 2 284 665 17 3858 58 137 63 7607 159 619 444 335 65 158 131
41 554 900 1173 2076 1679 4142 176 120 155 126 3831 121 4364 8 549 27 69 63 224 1408 1809 28 164 9039 371 197 9 4728 665 166 65 625 442 199 253 2504 329 1287 1756 2214 7 1575 2492 145 19 4525 158 268 37 14 6265 566 476 331 316 152 737 979 638 5277 62 1174 7013 57 5038 2533 382 332 2270 611 3248 78 3591 117 102 123 495 15 1324 300 1751 135 8267 61 131 21 58 139 812 4040 910 277 1221 82 96 5 8528 5659 196 2740 388 516 72 140 157 1001 4962 35 11 1723 114 9382 70 146 5621 3346 1602 663 3135 229 3564 6656 148
42 1263 708 138 9517 968 1495 155 176 2076 126 482 1184 7360 69 197 252 4288 1387 1656 1917 8 1643 148 236 27 4537 356 121 3585 166 914 63 164 253 224 6092 1052 815 9 28 800 65 432 1132 2385 442 131 3270 2504 1287 6718 484 285 37 650 2659 1194 2976 1369 7 7408 309 19 62 612 331 1324 7672 102 720 348 14 4736 480 2168 299 4568 332 1352 1771 935 329 408 928 57 145 198 1491 4277 158 5772 15 72 58 161 625 78 103 117 74 7918 157 1001 8931 193 249 21 120 4186 146 2816 2837 2400 44 30 61 8654 1494 184 82 210 5 8364 140 1017 5264 23 7854 8929 107 372
43 8 9 27 28 7 65 19 121 14 184 37 69 15 5 114 21 11 23 62 70 103 30 38 110 545 131 1988 115 17 210 231 119 1055 2 619 16 112 22 1019 2052 778 83 84 6352 946 523 149 6 327 238 370 8184 54 86 95 9613 2201 6410 158
44 138 176 126 69 8 27 1070 120 9 28 37 7 121 62 19 14 78 63 303 117 15 61 131 57 65 21 5 140 146 523 742 1137 30 178 44 38 70 1023 11 23 1027 587 1853 5555 398 207 6486 56 267 2983 6992 370 1518 20 5522 147 5299 503 1379 532 212 1124 72 2029 125 1135 1783 2226 1008 2601 6539 395 1270
45 1502 7055 2818 554 1954 859 1310 583 138 867 155 5661 6698 6459 176 1482 2120 1122 7548 2513 69 120 252 126 3470 5990 671 3158 1714 121 184 8 193 7850 6082 27 624 303 253 2177 199 1981 2216 236 229 4266 243 1643 1597 7895 139 2487 309 665 650 1395 107 316 8992 9 914 329 482 355 7584 28 285 1387 1881 9832 145 5895 2112 442 63 1799 4226 131 595 72 468 720 37 7 2162 65 224 330 135 2523 114 4919 1320 382 907 197 19 961 737 211 4421 164 280 5667 2088 7307 57 14 1601 4130 1429 1506 487 1809 1152 62 424 299 5616 426 158 102 6502 517 2169 604 74 268 6744 2298 2973 4309 206 880 1673 58 15 901 152 9946 5270 1078 2164 8955 140 850 3863 2190 112 78 636 6001 273 1000 332 1702 249 2425 365 1351 3698 686
46 1502 138 485 873 5974 69 410 155 8 27 148 3264 915 5209 665 166 1183 28 9 549 1524 896 107 968 4814 280 152 7 120 637 5402 4686 19 1972 764 5374 9731 14 37 1704 1587 4704 8929 72 145 482 249 330 2208 7037 58 309 1546 1673 1674 15 4167 139 777 65 164 1294 243 1805 204 1303 1386 63 890 110 277 140 21 78 6181 2291 146 131 2114 5 325 9902 2142 62 57 102 70 746 646 4755 44 11 8177 38 409 117 459 6366 2730 23 9010 103 216 121
47 2264 138 1495 583 3106 5990 3483 236 69 199 1200 468 3514 9054 5182 6930 121 193 2208 8 120 253 27 4291 995 184 126 2685 316 1171 1434 4063 309 28 139 1799 303 65 9 63 3142 224 1506 3621 3448 5910 229 3139 484 268 1437 37 485 1521 107 102 72 7 158 114 9768 8933 131 19 14 9732 1119 301 57 992 1134 800 625 62 880 517 7354 1762 78 1184 148 1048 1001 1689 280 1667 15 140 330 1307 2391 545 6534 393 9081 4429 96 536 6684 21 1612 61 3319 871 82 84 88 746 5 339 981 614 58 1896 112 5497 443 346 30 23 8489 147 599 5874 728 155
48 3684 176 138 968 1384 583 404 4247 120 2955 4799 69 1554 252 184 148 8 1510 3158 27 155 751 494 1809 2825 356 4497 28 164 199 9 389 1344 65 8334 5843 330 63 1312 7 1350 74 37 19 211 14 1575 4157 236 3708 914 1593 126 841 2905 300 7569 348 198 57 325 78 3692 2920 15 103 878 135 545 96 62 5728 58 3561 114 274 30 1601 131 147 21 703 5 388 3825 249 496 2869 61 2325 35 11 398 424 110 403 9794 23 158 443 1023 2901 6227 117 55 2372 2171 646 410
49 138 8450 155 2371 69 4613 3923 120 1604 8 899 1917 27 121 316 1122 4551 229 63 28 5895 184 9957 1065 7709 139 9 686 1440 148 566 1352 253 126 164 1799 107 907 72 7 19 145 114 14 476 37 914 65 9713 552 4164 646 309 638 57 131 123 158 1959 15 102 1452 5221 836 58 61 301 300 6059 331 7970 140 88 96 3190 7718 21 3839 6644 44 7537 5 3392 3332 23 35 5158 310 2148 969 1017 339 30 38 11 235 519 2864 6137 7337 5605 1298 62 829 8030
50 3244 859 155 900 8 120 69 27 9 28 63 148 7 19 37 14 72 61 15 21 5 78 57 62 56 44 30 11 404 140 534 20 65 70 73 970 8864 439 183 3246 501 5601 7357 152 145 110 74 96 35 23 1084 55 38 1269 390 4046 22 3065 1020 255 4094 210 1753 175 5627 1298 2453 267 3869 1236 6169 211 442
51 2818 9365 725 5501 977 3046 197 2826 121 27 8 5659 2148 63 3923 5603 28 9 1387 6877 5031 371 1225 665 7 1989 1826 78 1745 102 14 1159 1692 2420 268 72 329 187 2613 198 2500 1224 1491 74 3708 3824 4606 7694 19 426 3826 4946 117 611 1343 58 4433 155 510 9234 3586 15 21 749 61 30 4532 1602 2425 966 146 288 910 1417 5 23 196 519 70 1339 11 4705 45 383 1012 5534 55 299 1921 22 82 1001 8783 44 468 138
52 8 9 28 7 19 14 27 62 37 15 120 5 21 146 207 23 57 20 4844 38 16 703 4947 2 44 536 331 1465 310 22 2442 476 2082 61 102 7085 5804 256 1307 70 4025 56 275 6 1933 79 17 455 270 162 5175 1445 2948 30 45 6180 6161 117 72
53 138 968 1077 404 900 1434 1384 1495 176 252 468 3102 184 869 1876 121 356 236 909 7712 69 2433 8 679 1171 873 6126 1591 5150 243 6035 494 927 120 371 1408 566 27 6051 653 63 1270 9551 309 9 1510 2282 107 899 28 152 583 6092 166 1894 524 4478 72 62 65 8660 2976 199 114 7 139 4525 1958 19 348 7291 2261 3358 395 1294 2538 158 1571 37 3215 1428 14 662 800 332 187 7862 131 510 914 9542 1183 5773 1296 1721 6082 74 299 102 342 145 2430 625 8309 161 224 15 4977 1546 325 3395 1300 1704 3038 117 6467 61 103 78 21 126 2114 82 58 7986 2592 879 135 84 1967 7433 9294 3032 2859 331 6655 5205 609 5 30 2218 301 155
54 138 199 69 8 27 1734 482 193 9 28 7 126 19 37 63 280 14 158 117 65 114 15 78 57 451 72 62 5 82 21 119 58 30 2666 157 332 11 387 383 23 424 20 35 84 9322 110 96 38 824 4320 7238 6621 5406 5982 443 331 3624 5415 273 44 309 88 1547 41 8911 1256 22 139 55 3839 421 8474 926 2582 231 634 2
55 3244 1502 6887 1263 1737 1495 3774 176 468 1184 404 900 485 126 1089 7293 867 155 725 2112 5603 410 4650 252 8 8147 1270 27 69 6809 737 138 1434 121 199 243 4507 681 650 229 9765 1070 193 28 3477 166 9 2448 1667 2651 8094 957 107 65 1151 927 145 4148 662 6478 5285 211 1894 37 63 443 2577 72 747 131 7 19 2313 330 14 8099 5664 78 3008 4525 1408 731 57 1283 164 789 187 1691 880 348 637 158 114 7018 253 117 915 6616 139 58 62 3397 1587 1065 356 15 1223 1137 375 102 684 2697 554 2692 132 5559 204 1194 21 103 82 5055 342 300 1242 9037 30 110 377 4917 5 7707 2145 679 88 1312 44 120 228 146 6824 123 303
56 3756 2264 1502 5276 485 1184 8402 1591 121 8 236 148 69 27 624 2371 731 9 2282 145 632 28 8702 62 63 7 2431 19 37 3057 135 1476 72 2943 1697 14 1194 595 7499 58 1840 57 805 2810 443 789 325 1613 112 65 3006 199 184 9915 825 4452 1600 388 15 3014 5566 878 3796 44 5 78 23 390 88 103 11 35 1629 5472 2451 21 2858 370 132 680 30 55 2044 146 391 74 1690 96 3631 20 70 587 707 147 120
57 3975 708 1334 1572 797 176 3831 2120 2371 69 2780 6986 356 2112 126 410 197 583 372 8 121 404 148 63 27 6979 6452 243 3613 253 566 199 28 940 9 1468 268 671 166 145 107 3807 3299 316 65 152 7559 2683 224 6616 7 309 102 135 19 114 4618 7672 14 907 2134 164 389 4301 62 184 74 37 480 120 2359 778 187 3266 1294 7546 4859 1757 117 650 5801 659 8672 82 6169 4436 139 2744 572 2759 346 4035 3884 2085 2100 15 484 4099 7827 720 131 7042 884 451 21 545 236 84 9311 439 8272 206 61 619 599 5876 249 204 88 1877 5 486 365 231 523 2147 44 1408
58 968 138 468 69 8 126 27 63 9 166 549 280 28 107 7 121 114 19 65 120 72 14 426 57 74 58 15 161 37 1132 102 21 1307 655 78 325 300 1723 117 206 88 574 5 139 252 928 778 1287 44 2163 84 196 9837 30 585 11 388 178 2148 235 2427 716 55 785 375 745 146 23 2249 429 459 1665 56 157 289 38 8430 520 370 103 1534 41 62 7384 909
59 8 27 9 28 7 19 14 139 5 15 11 216 2980 57 305 23 123 55 22 41 61 35 204 2 80 16 6246 536 1566 125 38 8969 871 1966 1277 83 189 4646 2104 327 535 1187 6 2948 117 434 902 56 167 3908 79
60 8 199 176 69 126 27 9 28 65 121 37 7 19 74 14 72 15 114 21 62 63 1912 23 5 120 164 44 132 152 11 346 84 3235 1756 110 1548 1304 4742 9128 321 56 325 716 238 20 7337 22 235 41 61 17 115 6702 119 660 38 137 2 2397 1190 2300 749 429 95 1393 30 4247
61 126 8 121 27 9 63 28 69 7 72 19 65 14 37 166 114 62 15 44 131 21 5 382 23 5882 70 6029 1478 110 516 103 30 1227 978 88 11 20 444 38 45 35 321 659 57 216 1218 1442 1497 1292 4858 1168 56 9678 762 265 277 8713 146 476 55 587 3862 8549 1137 96 6672 1134 6536
62 7624 1310 138 583 2076 155 176 9502 919 120 69 404 1173 356 197 8734 236 199 126 1610 148 8 2616 27 6379 303 1826 164 650 6668 2521 3428 139 1183 107 65 679 9 5295 28 662 2196 1106 4413 1070 389 72 3270 625 7966 1122 495 62 135 7454 4982 37 1881 7 2106 5887 102 907 301 158 332 2785 309 382 348 14 4089 3363 19 3052 5876 5626 5634 325 2858 2292 552 63 1283 1132 5395 57 442 58 117 1221 2116 443 3870 1117 1225 78 3927 15 112 157 1771 3443 82 2298 4532 1674 1187 849 8480 2091 2698 587 1651 2563 9634 146 454 3970 4606 74 439 5284 5 5773 1169 739 5406 513 187 5210 5432 484 1591
63 1495 138 583 900 7892 155 968 709 2371 1554 8402 4813 148 184 1283 2291 977 8 468 120 4281 8897 1524 27 3248 1183 63 1052 1395 356 8200 285 3991 4497 3412 3398 9 28 164 4364 8309 6730 316 280 107 907 432 1385 329 7218 1638 69 1894 2359 135 65 131 7 2158 3054 7809 1571 19 1745 2683 3205 5448 372 14 2849 3759 72 37 57 487 638 139 1256 824 145 859 849 3642 4636 6481 1303 815 330 7461 74 395 1714 243 102 1223 78 843 1236 3008 117 58 4880 5779 15 5579 2579 3222 727 1019 82 9990 198 8355 7121 176 3025 715 9616 21 439 1174 147 84 8947 532 3423 8543 206 204 44 5 1104 1967 7559 660 2112
64 1737 9305 138 621 176 120 155 126 5091 69 356 1283 671 8 166 229 6769 63 27 193 224 1236 28 9584 2705 9 1384 299 7837 4291 3211 1745 494 152 1930 107 72 7 62 3032 102 342 37 2126 19 829 451 348 2145 14 5055 57 2967 501 58 5253 841 114 74 145 157 1541 662 158 1989 290 140 211 1232 2649 65 2433 117 15 277 7908 1606 310 3022 30 1562 21 1227 103 5 82 1547 5355 2958 11 139 2697 56 375 1274 238 5708 1258 1296 587 245 1061 35 73 784 5451 371
65 138 155 69 126 8 120 27 199 63 9 145 28 280 7 14 37 102 19 65 72 131 58 57 121 152 107 164 15 21 62 5 147 183 1777 11 2525 23 9021 455 969 112 38 82 614 103 2654 135 9485 178 3692 55 316 45 3878 2847 9421 2508 97 132 424 20 255 1301 1665 545 429 198 3676 982 523 84 1628 634 44 9017 3858 432 1385
66 3477 138 404 252 485 7674 1564 236 356 69 8 549 3767 27 166 155 5973 468 63 1437 684 229 126 681 9 65 662 815 632 211 1369 7325 1093 28 524 158 8955 301 8012 4696 382 4347 7 19 14 78 342 2785 1376 37 4744 1365 107 57 4103 2139 102 300 1610 4403 114 1550 1272 224 2809 5643 5845 1673 58 117 135 103 4148 734 193 199 15 157 62 1171 375 4872 204 61 3768 1395 812 30 7868 2610 84 316 161 147 5 531 5998 21 795 70 74 289 4673 11 1528 2196 23 4814 82 749 112 35 7007 164
67 1290 1263 138 3975 3389 4023 155 9886 708 2713 4977 3767 468 404 1679 126 120 977 2148 1495 2291 69 482 2700 1225 8 184 27 681 7537 1270 63 199 5860 2707 229 899 671 1052 309 3467 139 2478 1881 1387 28 1809 65 1434 9 121 7594 815 2823 193 8080 372 285 4510 650 1734 3266 152 1204 2196 37 4178 552 5313 131 7 62 19 135 2976 487 331 78 211 7687 637 907 72 14 1506 8215 252 249 356 299 102 57 574 74 4551 7915 4554 4817 187 8541 224 4885 375 5751 1287 1365 432 1878 1413 542 880 7033 114 513 3240 157 2608 3517 300 524 15 890 604 3420 511 158 2627 408 58 61 2132 2960 6147 206 709 240 1137 1521 426 107 387 21 3302 1735 2348 3293 5699 7275 2791 204
68 554 138 1888 155 4347 69 725 197 236 199 8 356 6163 3591 120 27 426 1734 8466 121 5350 1122 28 372 9 653 243 5286 404 896 229 1395 5582 63 899 3160 5848 62 299 7 184 72 102 9710 19 249 1593 65 37 612 78 342 107 331 3884 57 14 6745 135 2258 301 114 501 2533 126 720 161 330 776 1549 8733 15 2378 273 604 21 58 715 5872 647 1113 1669 123 74 44 8911 103 117 513 2837 545 4959 5 1697 4724 1638 3603 1251 11 1258 1412 8241 1352 112 274 207 1436 23 183 7342 1450 2265 148
69 69 8 28 9 27 7 19 14 72 21 5 58 15 335 44 496 140 9548 38 20 55 2869 74 11 4276 4152 171 96 519 158 784 41 2 88 83 56 211 240 489 745 370 30 162 135 6 993 146 532 277 90 37 5241 3500 17 422 7444 702 390 84 61 1826
70 155 8 69 120 27 9 63 28 7 19 37 14 224 62 158 121 15 57 5 112 631 11 2950 21 325 524 65 20 56 809 44 289 110 73 8635 444 38 778 30 54 5385 422 132 1877 403 6565 4609 762 16 7303 84 17 613 41 228 459 1626 216 2 74 162 3135 970 83 1262 3931
71 2591 1671 3097 968 859 138 2513 404 1495 3684 1384 919 355 4656 252 4148 197 442 2291 120 184 329 121 8 69 148 6018 549 290 5295 27 1766 3424 243 164 2700 309 655 728 236 229 7086 139 9 1506 727 1714 268 28 709 2212 330 9957 2304 443 37 131 63 158 1721 114 8334 7 609 2684 199 19 102 8019 426 962 1151 480 1090 249 72 62 4881 331 2168 2240 4131 2492 14 663 484 6005 7600 57 1155 1272 1599 1522 1697 624 6668 15 612 451 301 103 2238 561 112 2972 439 881 1221 4044 74 1401 1629 8992 267 84 61 30 21 2020 739 196 715 110 5850 4632 825 2654 5 3082 204 44 231 155
72 138 8 121 65 253 27 9 243 28 72 7 114 19 14 63 187 74 15 37 61 126 84 117 21 749 5 82 11 890 803 35 1420 23 5038 2094 252 1128 70 132 69 196 30 9359 38 171 6786 785 1126 1215 20 1144 377 57 391 22 6462 1428 421 1861 110 3126 102 233 1758 2262 97 2739 41 1483 679
73 155 69 8 27 252 65 184 9 28 63 7 637 1756 355 14 37 19 62 15 102 5 6589 103 4524 8438 23 333 1571 5627 30 11 1251 70 178 1472 21 35 44 515 1277 1307 3357 58 57 4923 41 1442 6518 131 952 20 6045 6359 2480 6327 7170 119 228 3338 38 92 6361 596 132 520 534 22 54 110 3826 909 120
74 138 621 5526 968 176 155 583 1583 126 69 184 2112 914 148 468 9543 121 199 120 8 27 1610 948 63 253 1917 2274 2385 9 6097 372 28 145 625 8938 686 4514 612 992 410 1332 252 37 659 3759 62 7 3502 19 107 102 14 65 653 957 1447 72 4597 841 224 1401 517 2048 187 58 131 316 2967 1428 117 57 2735 7774 61 707 15 8365 715 4801 78 501 21 112 1110 30 309 114 594 196 1979 268 5 4429 3025 825 1398 4672 8241 1307 82 836 8520 5034 23 2147 3066 5686 1754 11 2862 4221 4925
75 1671 1482 6165 873 155 977 69 2177 6290 679 4342 8 410 120 27 63 252 224 3520 28 2238 6767 65 9 751 126 782 3204 107 2448 2616 62 1522 1005 542 37 166 7 1593 102 121 14 1119 145 57 72 501 3853 131 19 58 4834 139 9665 388 2919 426 8271 1446 15 6543 211 3561 82 824 971 21 762 332 5 1883 3369 2085 240 1628 703 516 11 23 396 884 735 1966 1768 157 436 147 5878 249 3195 370 1732 1961 2981 2787 1000 119 4388 5872 35 78 140
76 2060 867 900 869 155 176 3992 8095 138 6402 120 121 8 197 126 549 27 184 148 3279 236 4364 372 3182 166 28 63 6288 9 2168 224 69 389 290 107 145 1344 3408 681 152 542 114 7 19 484 164 37 552 14 1388 3060 131 495 74 8635 61 78 301 62 57 880 3069 332 999 103 331 82 659 65 348 2504 1307 285 267 4530 58 517 2941 72 4221 511 2844 8380 112 21 15 157 30 480 6392 9421 196 5 3596 455 325 4878 2708 1272 35 146 11 3853 9317 4941 4917 23 563 715 44 6335 459 404
77 8 9 27 7 14 62 15 11 5 19 22 20 2 21 2657 343 235 1393 6 97 3981 4430 117 249 305 168 95 9360 140 83 18 118 499 30 16 5817 17 1087 631 1442 1883 599 35 402 240 1599 60 114 2942 203 1122
78 138 120 8 155 27 1714 252 193 69 9 28 65 139 107 7 19 37 62 14 74 63 131 114 135 57 58 21 30 4277 310 15 5 197 424 2175 11 61 23 35 1805 611 4336 1417 82 1186 78 6376 110 88 38 4849 178 572 2232 8114 1012 2509 238 1088 45 2033 426 7995 267 117 885 6514 1096 561 5902 722 22 300 422 240 1128 3999
79 69 176 8 27 28 9 63 7 19 14 72 152 37 15 166 58 21 5 11 23 44 335 30 35 7816 74 110 112 45 3242 126 55 387 611 139 933 20 61 56 1988 5175 54 2604 3983 238 84 1121 983 2 149 756 206 249 235 7345 80 57 1861 17 2268 79 288 65 694 3698 482
80 138 2060 3106 869 968 126 686 6337 120 69 404 197 303 184 8 3923 176 442 27 224 6126 8454 6057 7389 609 1572 2198 63 309 236 1799 426 285 5209 2741 1256 389 28 65 9 252 5546 299 107 329 3166 1132 382 1159 919 3826 37 1090 121 7373 7 158 4317 782 665 5124 1540 19 342 1153 14 703 72 3540 57 4329 596 3708 1339 2063 62 348 74 249 371 805 451 1757 2985 187 7013 139 899 131 155 15 102 1171 58 928 574 1423 4320 1549 82 1232 112 878 2240 1274 300 206 21 2857 395 1350 653 211 726 6735 9183 1386 147 4726 4859 30 1360 2249 123 5 6486 971 117 8040 990 355
81 138 554 155 120 7234 126 148 8 27 69 329 8094 316 8992 28 65 63 737 9 1564 152 372 662 268 3441 131 9039 37 7081 7 211 19 62 3199 102 8243 1183 193 1575 2138 14 5516 1387 57 2820 2088 2668 1707 6951 638 596 58 72 15 103 206 61 715 7173 121 267 487 21 1112 929 513 82 2240 44 5 196 594 140 240 1339 2185 38 277 119 626 11 56 455 631 1017 92 2852 2017 23 1528 20 2475 145 45 3704 1673 3561
82 1671 3097 138 155 6656 355 120 3457 252 126 7677 8 725 121 494 1734 63 229 253 139 27 999 907 65 9 426 28 484 3142 37 2717 166 7 432 1937 14 199 69 7253 19 74 2047 62 3471 662 61 131 1606 3332 58 7975 3493 82 8643 309 5472 161 15 339 4018 21 496 110 684 78 30 102 231 8342 57 3631 3205 147 1325 5 1628 96 451 1530 524 146 20 72 11 56 44 271 1135 2452 38 73 22 55 2593 212 3323
83 3244 1482 859 138 155 968 2780 126 485 900 199 184 2433 404 120 372 8 69 27 121 4022 371 4178 197 63 4273 28 9 148 329 2229 1524 1065 4188 382 301 671 65 7 632 1376 19 1225 139 14 5442 2825 62 907 37 2292 751 6607 131 1483 78 1004 3443 8839 57 663 61 1862 58 15 187 9649 161 21 5268 158 871 2431 482 343 82 147 44 3033 3769 103 519 5 3796 117 30 267 114 228 3348 8123 585 513 38 11 742 132 211 4819 5724 231 782 198 23 503 70 339 4507
84 138 6049 176 621 155 5276 468 9047 126 4266 2701 5725 914 69 8 940 482 120 27 121 63 229 4432 193 9 28 1826 1131 5031 2871 4210 3008 915 145 1707 7 1327 37 1447 7959 824 72 442 382 410 595 19 107 3424 5268 1506 14 131 332 135 78 4291 599 1541 65 1369 2169 1771 1725 1483 252 15 117 789 829 495 57 348 74 3268 513 7042 3395 157 62 123 1275 102 21 30 7341 132 339 841 5 2417 3089 58 1012 613 2812 3768 1128 280 1223 4950 301 480 23 11 114 38 82 204 20 7575 61 4310
85 138 176 468 69 121 8 184 27 9 28 120 65 7 166 19 229 164 114 14 158 152 330 253 15 58 62 1412 715 5605 636 3024 82 123 88 442 103 1757 21 332 7876 30 240 5 782 37 5641 299 3569 249 1137 231 38 102 1344 516 626 2652 55 20 587 11 615 56 2730 35 574 409 73 3319 216 1322 1690 1398 408 5914 687 5304 23 267 135
86 708 138 485 120 199 8 126 27 968 7584 28 1734 9 164 184 5350 9514 121 152 782 139 2019 72 6087 1896 372 8978 1572 5773 7 62 131 19 1757 1930 37 4618 14 74 3137 206 348 538 726 1601 596 107 145 636 69 625 57 102 3526 4537 15 267 82 424 21 157 112 96 545 161 30 114 500 268 1548 841 240 65 1128 1114 1529 480 231 277 5 4962 44 63 2377 8790 1011 88 58 300 23 484 4281 238 11 2492 110 3741 973 532 178 9657 229
87 138 120 8 69 27 2076 869 679 709 371 28 9 121 7 152 19 37 14 236 107 332 114 62 501 15 61 5136 949 339 1702 187 2334 21 1541 1558 2509 74 1884 110 1137 30 717 442 5 552 1847 2288 1048 11 44 503 1809 632 299 615 3069 231 23 4048 1611 3598 5561 6134 196 288 388 5041 57 207 97 35 2428 4219 611 4070 41 78 20 1098 145 789 1727 935 1412
88 1263 869 7117 1583 1958 120 4841 1384 1591 355 155 69 4500 8 914 27 5546 7727 5668 356 9593 9 63 290 957 5778 2316 329 316 229 211 1571 1468 28 554 7777 37 7 164 19 6831 166 928 139 879 659 14 193 158 510 595 1627 135 9957 117 57 131 121 1395 907 15 3879 829 1027 21 74 161 715 157 78 126 375 803 480 7734 7481 300 277 5 147 72 388 1017 2372 777 1223 611 145 273 538 549 58 38 497 132 92 1275 6137 871 152 45 3586 178 30 9208 23 288 65
89 155 69 126 120 8 27 199 9 309 152 329 7 121 28 19 72 135 164 131 14 37 15 61 161 57 496 21 971 74 5 1000 44 1065 459 531 240 183 604 836 2114 30 267 2552 96 455 114 11 70 23 335 333 850 4122 3024 739 436 9382 2941 3038 35 1154 78 6959 943 38 1307 4115 4048 594 2639 1020 41 146 88 211 187 1340 1847 2170 138
90 138 4171 155 554 2899 1384 3457 9054 120 184 148 8 655 468 69 229 27 28 410 139 679 9 309 285 4829 720 1452 107 4329 158 896 131 7 63 102 330 3977 6160 1110 3299 331 432 14 19 145 1189 2212 37 2169 290 72 2322 1704 198 424 65 1223 15 510 751 157 8381 1808 117 62 21 7707 9358 8461 382 4479 74 3022 30 5 110 5905 140 58 1779 4605 3100 146 11 57 1447 409 23 342 238 56 35 20 1242 1869 4672 2977 92 7245 4801 372 4266 9824
91 3244 138 869 176 4171 120 948 126 5659 184 8 193 253 199 27 69 426 139 1437 9 2513 2371 229 145 148 28 164 2685 389 2741 1287 2871 1016 1691 290 37 2492 135 7 549 72 2282 585 9127 14 1119 843 330 114 19 655 65 881 78 4962 57 61 63 161 82 880 3066 280 131 663 15 962 501 1070 224 58 410 5664 4609 1155 2905 4081 30 74 44 112 901 5 7315 8438 1457 841 228 647 455 4370 84 96 210 1227 387 11 9167 35 23 3003 1221 983 4581 55 152 211 4289 919
92 3097 1334 1958 176 9138 583 120 121 356 549 69 1714 8 252 199 27 126 1434 253 1065 585 9 2067 28 3676 442 7776 65 8801 7 37 268 145 72 1106 14 3299 19 355 907 57 659 62 7373 6166 2572 1862 346 7977 74 715 290 15 8948 815 2385 21 30 1549 971 147 679 5329 5 4221 316 161 2360 735 330 20 299 408 73 11 2371 206 38 9906 58 255 41 1456 84 881 97 112 1073 887 123 125 2090 23 35 17 55 4336 731
93 8 199 27 9 7 28 65 19 69 14 37 15 21 5 30 23 11 20 5893 58 2205 216 310 534 510 4533 616 112 660 7414 84 454 162 2 70 119 3003 9040 2285 526 96 16 22 55 187 35 697 597 17 146 147 398 189 1117 238 409 632 61 4273 3600
94 468 69 8 290 725 27 28 9 554 63 148 7 37 114 62 14 19 252 731 131 15 316 800 348 61 84 161 703 7635 365 983 515 21 5 6593 135 2985 206 30 375 11 57 599 23 680 58 7392 1124 74 5633 393 44 110 38 2816 56 55 9977 2360 978 22 80 16 857 121 178 881 82 1001 210 35 3804 2 7590 574
95 8 126 27 9 65 69 28 7 37 19 14 63 131 15 58 107 5 62 1925 21 178 746 206 11 20 429 45 784 84 574 886 255 41 23 22 183 3397 694 542 300 44 513 92 7842 119 54 3661 3430 2173 271 301 147 4106 861 284 2 331 3692 17 389 2670 3489 256 2631 6971 442
96 69 8 120 121 236 27 9 28 65 7 19 14 72 37 63 58 15 107 653 62 21 5 57 424 30 11 126 2132 55 44 45 1011 503 35 408 271 726 20 84 1404 7884 784 131 3094 23 233 22 1834 1950 78 1442 383 212 41 17 88 274 2 162 5195 2099 9675 2275 83 16 303
97 5381 138 6102 5276 4142 4301 9691 120 126 69 1434 8 9630 4266 1200 6379 27 285 2653 3441 28 426 176 9 624 148 121 1881 1868 107 236 197 249 815 7 329 14 1095 102 19 131 37 164 166 2492 63 65 78 158 72 62 61 3397 5712 6062 707 299 6361 585 3231 15 1807 140 114 1258 1112 1478 735 96 187 21 267 198 519 7176 44 3769 5029 5 103 57 1395 132 2573 273 5582 436 983 11 30 212 409 403 23 196 1117 596 84 178 110 746 117 390 6460 4281
98 3097 120 2148 236 410 69 8 5394 27 797 915 2039 927 2478 7347 229 139 63 9 7753 121 6201 1736 5350 7173 28 72 285 62 7 249 114 224 19 14 329 1161 5084 65 4157 58 198 157 4040 175 303 6628 82 117 2008 15 1450 2246 5 1207 9155 23 1006 707 5130 377 44 145 56 1275 35 3065 11 7022 20 55 3517 30 41 96 216 112 8349 21 641 119 110 434 7167 125 16 1303 7607 7691
99 138 3110 155 708 1954 1334 6402 303 120 3849 5851 485 199 7234 69 2478 686 355 4869 549 8 27 482 1070 4226 410 371 1756 193 224 309 3182 389 28 9 63 65 253 166 4258 316 7959 301 37 1153 7 637 2293 5313 19 3057 747 5936 1132 135 7869 14 62 139 145 8270 1541 107 9447 599 1476 72 249 78 1401 789 609 57 880 2577 117 901 595 61 611 1702 211 15 4589 4089 8044 175 74 1437 161 339 3319 299 1274 2721 3008 2163 21 2918 1651 58 103 30 82 1591 1017 96 5 184 510 44 933 3109 310 5160 1966 3304 5069 238 2977 23 158 6228 4977
