100
0 1068 21 5 1260 11 2919 196 7671 2020 2552 3203 135 23 4235 459 3293 716 3652 2849 131 38 15 82 646 147 9 8549 8 55 41 887 2 4266 7266 14 7085 5046 1227 96 383 17 6 61 1496 20 2141 16 2268 5278 35 273 789 54 680 1368 1412
1 3198 1572 485 1089 404 869 5367 126 199 8734 549 8 2572 1597 1679 1388 253 120 65 252 940 9 1440 2902 684 28 1468 1632 7292 27 484 37 63 9030 7 5515 19 815 5247 280 4703 164 596 14 121 290 2140 4864 2158 1290 135 7269 158 3747 72 58 4525 735 57 123 1189 5011 187 268 9356 1581 4589 62 1134 240 102 15 1287 3961 5311 21 301 30 309 3543 6628 1327 88 5 3996 398 594 178 288 2061 74 3912 436 7597 147 2226 831 9903 110 41 6649 1783 4334 4320 22 928 193
2 3244 1495 3774 867 155 2700 252 1604 69 485 1434 8734 356 751 8 3706 126 27 120 6668 1756 355 8528 63 303 9301 2707 2244 65 139 9 2741 8761 1506 243 107 4820 2857 28 268 5659 4848 927 3818 637 102 8374 184 197 7 632 776 19 6515 348 74 342 332 72 1522 961 37 6575 940 14 4725 4834 4089 487 3141 524 131 3407 389 737 2703 1128 703 158 371 484 82 3981 114 62 15 8156 7218 1629 161 2610 103 442 57 1562 7042 1114 1195 9464 193 1122 21 110 7798 164 253 6188 198 1548 277 1386 2136 3824 1925 1106 1494 1558 30 5 646 132 1611 3095 616 6589 4524 2085 1571
3 20 204 14 289 5 7 207 82 3293 11 19 1300 4098 44 1577 22 2 41 16 651 23 8332 70 1665 7792 403 54 6037 332 38 84 58 903 1841 92 21 271 1054 6 2657 2191 171 97 17 125 4361 4507 4336 65 343 4430 1122
4 3689 20 55 119 342 1843 97 5 7 228 552 5390 45 335 54 117 2 941 30 454 235 22 1623 212 118 9464 587 2052 86 4791 15 6 319 3995 1073 387 18 9 17 593 1862 13 2152 255 1361 132 11 58 37 65
5 1958 3849 155 6698 797 869 859 1184 1263 482 621 120 8 977 27 329 566 28 9 184 253 107 915 37 681 972 7 907 1332 4807 4314 1697 14 501 880 342 439 524 538 784 78 325 1031 432 513 61 204 1222 82 15 612 4849 1095 749 19 30 231 4805 5 8733 3315 210 11 1772 8332 9786 1300 3016 88 267 35 1556 157 1853 715 511 1884 44 178 21 212 20 526 125 1648 84 97 409 112 1183 62
6 44 21 8739 500 5 62 7 1376 2627 78 56 152 19 9459 240 385 11 9 14 20 23 35 15 377 747 61 253 9749 30 330 8307 70 110 716 3913 8 511 55 310 256 119 37 207 38 388 9701 196 4801 409 4575 2452 451 157 372 22 5982 4724 63 3065 634 255 5545 1753 534 8911 2841
7 1315 176 485 303 4371 948 355 5429 4023 725 8 27 63 184 4848 2744 290 229 681 9 28 121 107 999 9225 7 524 331 2983 102 74 1452 236 371 211 1296 131 8660 3054 332 880 139 659 650 14 252 19 382 78 329 57 224 5069 15 62 1704 1959 58 1027 1985 21 30 393 82 1762 398 7791 1207 1590 459 933 132 11 38 5 119 3500 2218 2205 1966 44 140 356 1215 35 429 55 45 273 37 762 41 73 2074 2207 2736
8 5 21 984 500 8149 125 38 2908 44 265 22 631 11 74 97 4517 45 261 41 17 2 396 594 299 7 7250 82 5132 4152 228 16 1971 56 849 267 855 5519 8076 385 6422 2769 118 2491 6 8614 3137 702 86 1311 37
9 6729 138 554 2955 725 176 155 1790 2700 2120 468 126 948 8034 69 5200 120 1881 355 236 4390 5621 873 7518 404 121 199 731 899 8 27 290 869 1122 410 442 2170 1270 316 1756 184 148 63 1510 671 1554 252 2238 5725 193 7594 1077 139 737 1395 957 28 665 309 9 1679 1812 3053 915 7211 2735 65 4103 686 107 4881 595 650 197 224 253 243 720 2973 166 145 382 9652 268 1930 1771 2923 62 135 37 5442 7 962 6718 1312 1408 7147 164 114 2616 542 1168 19 249 9993 2820 8835 2140 330 229 158 2639 2744 7878 211 187 14 7003 4308 4421 653 451 299 78 7401 72 2136 2258 2079 2726 3369 552 2563 784 5349 494 4938 1661 524 1599 2538 2562 6234 1287 5862 389 6502 1313 1388 2721 123 637 4962 331 727 15 805 6304 1106 2187 432 3121 58 2359 117 2162 204 57 510
10 2848 5926 1737 859 3477 138 468 126 355 356 4978 303 679 69 909 3071 8 624 253 27 371 243 6379 224 139 9086 681 290 850 1524 148 236 372 28 63 120 1132 9 199 309 1667 2872 1324 193 849 9053 4430 4317 197 957 389 131 329 4985 65 72 583 62 482 4281 114 7 4090 37 19 4609 346 3635 152 2950 268 476 166 14 332 211 638 4226 2533 187 74 2088 7408 703 5463 6543 1601 78 3890 1692 2453 1155 501 1506 4372 6539 524 135 2692 158 1005 836 61 15 299 708 9335 300 707 829 161 513 123 157 823 429 598 1041 176 2922 21 800 110 1275 615 5 8860 82 88 390 198 784
11 120 3457 303 1122 6656 2003 236 404 69 199 356 442 671 252 737 8 290 316 653 482 139 224 121 650 229 2614 3591 371 9 65 184 28 432 72 63 148 131 3239 3182 2261 7 2521 6082 19 301 37 709 542 74 14 2205 1807 659 249 102 7155 1001 15 1558 734 112 992 117 123 8168 7147 4801 84 646 5 599 8388 5404 21 857 742 1011 762 35 3204 1606 78 27 61 343 11 388 746 933 1745 70 3224 2231 1621 245 1805 6134 231 125 4289 970 30 439
12 1502 554 1310 138 1077 155 2371 3483 7929 4500 1263 4977 120 2757 2177 126 252 121 69 3379 1591 176 166 1476 5313 2148 2153 27 8 290 63 253 1850 316 2116 2612 28 224 8707 2902 867 2291 9 782 65 737 2159 184 3818 303 869 3887 624 484 243 72 1327 382 3635 4336 139 7 3295 62 751 78 19 135 4881 1005 482 14 57 6178 637 164 2196 3517 1550 300 662 2709 659 1613 928 229 58 2697 117 346 1031 1587 61 206 8015 612 735 348 517 3533 114 1836 82 7742 776 131 1524 1401 480 2063 15 7977 158 1204 140 8834 5595 3598 1733 663 2316 992 1472 429 193 3581 30 21 6001 2824 9817 1638 110 123 288 519 330 107 5534 404 199
13 17 2 20 393 2790 5 2794 56 3676 429 63 6 54 2922 83 15 6131 55 1988 1442 2285 183 769 158 9 11 119 7 16 275 2852 207 147 13 4094 757 976 65 1869 86 14 733 595 35 765 8688 7162 95 1445 400 102
14 708 9559 1384 355 404 69 4594 138 6979 948 3398 148 121 5721 8 253 1131 27 2433 410 65 9 1324 28 107 3046 3759 1524 1799 4188 166 6087 102 7 3410 8965 3839 495 243 14 19 2604 1095 5850 764 280 37 5845 114 72 3642 224 5038 2063 7226 3549 3162 15 135 325 1119 231 749 710 1244 2859 1750 1351 152 9868 35 5 707 717 735 21 11 9206 486 1450 84 235 38 966 825 23 212 45 196 2132 55 44 1011 503 6786 408
15 138 2818 5482 968 3774 9365 468 1597 1766 686 126 2003 4288 6459 4148 3198 329 6222 8 69 7151 120 5101 2521 1679 193 166 6086 63 5429 9572 199 356 915 27 4810 7585 389 107 9 979 145 280 1270 3378 28 2858 224 7832 243 164 301 7 316 102 8156 1734 5720 19 131 65 62 14 824 1114 2444 1692 1756 1161 542 57 1312 206 720 3543 476 1903 1168 7461 187 58 2659 2338 123 9639 103 15 2114 517 152 594 61 346 967 268 1124 4819 2825 7866 82 84 21 9592 132 5 1298 88 8787 901 561 812 1423 161 646 9831 2810 1530 72 343 3692 183 1777 3179 2383 1925 2430 977
16 3698 2 6630 15 238 151 289 16 30 6 11 118 9 4797 5791 1596 65 1100 21 417 1097 5 84 195 3243 20 13 256 175 14 231 73 264 38 119 35 110 1754 4974 6450 23 167 3149 137 54 140 2767
17 6049 797 3923 138 968 2614 252 4607 199 731 8 940 184 69 329 1524 751 1352 665 285 1554 28 6378 879 4343 65 176 9 7 2296 19 102 62 346 14 637 549 8015 74 78 510 5404 3977 1270 4063 1591 2145 356 15 4167 583 61 21 339 96 9470 454 2981 273 63 5 390 44 5558 5278 23 536 11 30 1019 110 20 1420 1621 1483 396 178 9803 1298 3306 2288 3912 5893 210 6783 245 5218 35 2342 2232 1801 2205 238 561 27
18 138 4102 1604 120 356 7984 121 8 184 8703 1052 3410 3158 28 609 253 1756 6787 9 252 229 355 1256 27 7557 720 152 176 879 193 211 585 1222 7 2651 8360 19 330 14 1799 5751 37 1350 325 114 187 1352 4558 148 158 1506 157 8100 495 15 6180 4703 1718 62 78 496 123 342 30 1398 6475 21 1772 587 3036 1949 5 35 178 5576 4089 198 56 339 1251 102 1095 3121 6756 1292 598 715 910 613 365 421 534 207 245 2416 288 1298 11 2158
19 15 23 11 1665 2432 2000 72 331 21 245 146 55 1702 5 4872 429 20 78 92 985 333 240 30 812 35 598 778 3498 2416 61 5108 769 14 73 7 228 70 175 56 1985 277 921 45 871 444 4137 2171 3203 9 538 1524 517 5167 2577 972 22 44 2088 339 267 82
20 1290 2153 5526 2591 176 3198 120 709 3497 126 4171 1184 3172 148 252 7347 797 686 8454 184 655 8 27 549 121 3483 3441 410 2659 69 2930 7048 1052 1476 63 9519 624 442 107 4688 193 751 5973 155 4225 1638 1005 9 859 595 28 280 7081 6373 62 935 1168 158 4067 1412 152 7 19 331 632 37 907 131 102 243 1783 1771 301 332 114 6362 7069 542 2047 206 199 166 1522 561 14 78 4408 5514 784 4662 5329 3286 805 249 1768 482 843 135 82 3533 15 187 2298 299 1789 1027 123 487 57 6767 3718 636 778 516 777 647 161 2150 1702 84 74 198 585 88 44 9521 1611 967 4919 962 9562 61 210 1001 8364 2180
21 2848 2264 1482 7242 176 5482 5554 5985 1089 797 69 252 199 6379 8 120 3199 1610 27 126 121 236 6115 737 494 1756 3880 850 1554 2612 28 1513 1131 9 65 1667 148 4413 940 5011 3398 625 3262 2573 107 342 268 280 7382 1888 583 5616 139 3455 4609 249 3884 37 164 8243 7 5442 152 1876 19 74 2106 4397 72 1524 14 63 331 3196 78 747 1128 2316 6848 1350 1222 131 1174 2526 2169 166 878 58 4373 389 1807 1723 4021 1161 1321 15 9677 4837 123 82 3747 3251 103 9271 161 542 4724 61 451 21 8360 3964 132 62 5269 595 4100 390 1988 5 5661 44 393 1478 57 198 84 2025 1912 2175 731
22 1310 1290 138 9517 7624 2818 859 583 1173 977 468 2402 69 442 155 236 6035 2045 148 1930 3211 8 193 197 3379 404 126 184 355 356 166 253 6404 316 63 303 650 2503 5110 28 389 7293 27 224 9 2198 3424 751 8955 107 4510 2304 121 684 37 6288 72 102 7 782 731 164 114 3543 62 14 843 7508 229 57 552 74 5565 9425 881 299 1770 19 301 1194 198 1423 1098 8226 805 8677 476 480 280 513 157 61 2768 2577 285 424 4863 3680 7387 187 342 135 117 78 161 15 4099 2000 6747 1428 2163 96 387 145 268 211 1805 3361 2450 375 1223 5600 2190 21 147 5 44 432 459 277 659 709
23 138 126 1951 3700 252 1452 8 184 355 549 27 2198 482 28 7658 1597 107 4994 2579 1413 63 152 9 1506 139 65 3600 145 1152 7 2282 7918 7325 19 524 316 158 37 1981 3839 131 14 4864 8116 325 4336 611 4350 375 3284 2169 443 114 2142 5336 58 8802 135 1959 74 1967 909 197 15 6644 915 249 78 57 572 429 6684 187 5 9888 44 21 3706 35 11 3525 750 82 55 2768 343 70 545 1480 8146 1686 20 702 216 2980 305 23 2205 123 2509 426 2653
24 2060 138 708 1173 1572 725 6698 900 977 120 2614 8450 126 554 3483 252 404 3046 621 940 1334 6138 1412 8 184 236 6238 3706 482 6347 27 5333 494 69 2444 679 655 426 139 961 193 8139 65 148 28 303 1930 9 285 1793 290 2136 2168 5350 3563 145 7086 9335 585 229 316 1195 1284 330 671 3455 3447 1321 1184 1429 62 1584 1151 542 1468 72 1152 7373 102 197 37 681 7 382 299 948 5643 131 2214 74 19 1174 979 164 14 873 451 1114 2187 114 243 1065 1153 7908 78 8488 135 7387 5395 6335 8138 9947 1134 1119 1385 1862 58 1911 1376 2374 726 121 599 612 1972 253 611 82 15 2692 2348 117 3119 747 204 21 764 103 3281 2956 123 57 971 390 1256 1900 769 1454 881 990 914 155
25 594 161 19 409 21 240 5511 146 587 5 2709 70 952 2571 408 267 23 7636 88 44 11 1112 15 2770 38 538 2582 140 7 157 830 2420 9205 9 2191 45 1126 35 73 261 1733 849 3479 22 577 41 62 2768 82 115 1347 27 17 2 301 5791 83 20 659 919
26 138 554 3110 1077 1951 485 948 2889 797 5959 5381 1656 199 6577 4090 126 8 1388 27 69 120 63 9927 4807 3158 1584 303 253 1850 28 197 1667 4497 9 6369 309 1395 371 107 139 4813 907 4335 65 299 280 2905 585 249 9542 915 979 7 72 166 19 1152 131 9351 62 8152 2809 3540 3194 187 342 824 501 665 1429 193 494 1330 561 3532 372 2296 1420 737 2844 513 1862 7315 37 1350 4568 2419 1027 1093 3025 152 114 2067 161 4040 4704 145 164 1436 14 841 103 1155 5205 587 21 15 1352 30 74 1332 739 267 9710 8465 2104 637 655 110 329 725 5 2552 1736 289 403 23 7234 38 11 2073 957 4273
27 1954 2780 2889 176 138 482 69 8761 121 8 27 679 849 1395 1412 9 107 7753 28 1385 410 164 299 4962 815 2296 4403 4978 184 65 552 37 166 7 329 19 72 604 63 78 909 395 841 14 389 3582 1476 646 1117 300 135 2200 157 15 1732 2180 734 1004 1921 187 82 206 764 2837 343 6756 1718 429 626 21 5 277 2231 35 1491 117 2171 119 1754 500 23 967 30 11 1702 1529 84 1721 396 4610 409 196 178 746 390 140 197
28 8492 5483 681 14 161 19 9 44 8 15 5626 735 5 21 1344 830 30 57 4425 37 619 96 444 3428 38 88 132 23 325 55 1522 3631 861 11 884 1001 74 300 383 2576 119 1008 1019 487 9338 321 97 20 103 422 1137 6785 2325 795 574 2688 1778 8549 612 2360 978 857 121 178 881 82 1904 3398 28
29 2000 1568 147 11 82 65 161 5 84 1607 21 63 8 3141 391 57 56 496 2348 41 9 110 566 1803 23 984 178 550 92 594 35 45 20 1491 19 513 274 451 393 434 4667 7 887 22 15 171 70 503 395 1442 2090 4478 17 977 212 7303 16 228 459 4429 120 155
30 288 5 1210 8875 61 7 21 15 2427 9360 19 9246 198 22 35 377 41 55 5484 3943 56 82 3768 73 110 20 2 14 1933 2762 16 5667 2079 532 2862 489 123 97 79 398 132 333 275 8427 17 750 37 9557 45 6 2006 2072 151 28 5450
31 138 621 126 583 468 482 199 797 252 69 6572 549 2504 356 27 8 8219 120 624 4397 1734 166 193 253 1052 7454 1171 1065 6141 4487 985 1506 28 9 4787 957 176 63 6385 8707 184 3008 915 1320 2383 609 280 9146 72 131 1093 102 443 4818 1793 2196 62 3676 7218 7 1989 1151 211 451 1911 19 1834 135 14 1780 249 37 1330 158 776 867 114 117 2649 1756 7759 224 7110 3543 881 596 74 15 2919 1914 869 58 1159 1528 82 61 1137 273 65 8058 9162 408 175 132 1114 2560 1352 424 647 84 2134 139 5667 1530 88 5 531 9840 8719 110 4061 30 6292 243 96 231 78 1343 285 5091 686
32 5921 138 554 3849 3110 900 859 3992 968 1334 176 155 709 1315 120 404 468 69 1597 2841 2486 4364 2402 4390 869 148 1917 797 5051 850 728 121 1122 126 184 2659 3398 197 2700 8 1780 3470 655 1604 1583 684 1200 166 5448 3160 27 2076 199 549 63 309 316 609 236 4281 5091 957 653 6379 909 999 9 3053 2825 1771 1799 139 426 1506 624 28 152 280 268 253 2614 2526 720 5615 65 2717 193 1387 2819 1065 301 3489 5838 37 131 135 7 107 72 62 552 662 114 1284 995 1106 625 4157 355 1151 19 451 342 102 6188 1412 1725 880 4460 727 14 74 4741 332 8993 3131 78 1783 4040 632 4589 782 6915 7013 8988 371 57 7708 3458 6174 164 432 1031 1627 2045 824 1457 331 646 2185 6045 2684 764 117 1476 382 5124 7559 9351 15 1750 161 82 175 2978 204 123 1194 1862 1000 663 6005 3071
33 2848 3097 1954 708 176 554 6656 5150 1917 126 482 9933 1384 69 3600 1387 138 8751 1365 8 5860 9896 3514 2291 199 2274 751 4820 356 120 4881 9572 4953 27 4510 995 5754 309 609 1583 63 243 1951 979 3248 665 28 65 164 9 6539 1413 316 280 2717 4172 2116 5011 102 3053 145 158 3639 3142 7 443 1667 659 8853 2425 19 229 990 7437 14 501 37 2849 1783 57 5973 487 107 432 131 299 4676 2521 2313 301 1224 114 58 224 4040 62 5434 252 211 5255 82 395 574 9716 342 61 157 204 193 1807 74 523 332 3686 6050 1989 132 2547 1019 15 96 2020 2033 2845 3624 6946 1113 880 843 1604 2666 147 123 5 531 5264 2196 197
34 6604 138 2153 2955 1077 9894 120 909 621 148 252 482 121 442 126 329 8 1583 1283 751 224 164 3441 9 4895 899 152 285 1587 290 139 1106 7 27 28 850 19 4104 720 5850 14 74 665 3768 325 57 990 58 1612 2593 78 4417 8355 15 175 1521 114 82 63 3514 6756 4133 515 1627 3516 196 8076 88 519 21 1768 7774 7279 4672 1344 5 1149 1884 65 35 70 396 30 146 301 9485 3773 510 274 1137 55 715 3764 3034 11 23 745 1027 6656 8430 155
35 5 14 3977 212 23 7 15 1186 82 8030 9 1506 157 1260 6962 11 61 388 277 38 2 118 763 37 4710 70 97 131 20 137 17 21 132 16 3011 1883 444 675 1607 3983 5552 272 60 123 344 52 1494 2576 83 4410 653 159 90 8
36 30 681 35 5 1225 2147 7 396 9246 1351 4984 14 3996 9 907 1151 20 8 1936 41 3317 7267 1966 2360 125 119 45 1340 969 2979 1508 717 455 16 1404 21 88 2 15 118 17 3003 11 178 408 44 22 187 697 335 146 284 1117 417 727
37 1737 3097 968 1482 176 155 1089 4347 2513 126 5862 69 919 2713 356 8 371 27 121 410 2073 2612 303 28 2444 6577 236 9 62 166 268 4864 776 7 19 395 2430 114 1256 8702 1343 1575 487 3412 57 2126 594 3222 5084 198 2292 6523 9346 58 14 102 15 65 1446 1921 74 2248 8044 204 653 587 82 21 30 2147 2941 5 44 63 88 4995 140 158 333 6755 2787 1891 38 4619 6762 92 455 20 23 520 240 1269 56 390 37 110 112 1322 2688 249
38 2 6 16 235 15 3490 2173 5 60 21 61 96 1772 2696 172 27 30 7 41 95 590 2992 5512 13 56 11 2334 2417 1041 735 5419 137 9 19 73 18 83 86 45 98 57 22 398 459 2738 401 831
39 1671 138 968 5381 554 4768 5921 797 468 2383 355 7104 176 977 2889 728 120 3389 731 69 686 8 166 3182 148 1171 27 184 5895 2503 1930 5546 1395 979 896 7048 879 9 356 878 139 632 9611 389 152 595 65 1520 5480 193 107 301 280 28 7 583 5634 1667 2138 74 747 37 4302 19 566 62 102 14 5391 2088 2688 1153 299 1369 135 5705 2523 4430 3493 114 439 8334 726 4388 1222 7108 204 6234 393 1251 57 3631 2143 1854 158 1098 2825 161 8316 267 21 646 387 1313 1112 30 58 750 1227 110 1546 88 4028 5 1597 1723 1324 647 96 61 146 3983 23 3053 273 8735
40 97 23 15 30 5 1224 132 11 3400 5296 14 1401 216 2143 210 1161 73 38 45 44 3345 1792 2 284 17 3858 7607 444 7 22 335 80 65 158 56 20 716 672 5522 145 1321 41 16 57 2374 119 196 1526 327 69 382 4790 79 70 252 2208
41 554 900 1173 2076 1679 4142 121 4364 549 8 27 63 224 1408 1809 28 164 9039 371 197 9 4728 665 166 120 625 442 253 2504 329 1287 1756 2214 7 1575 2492 4525 268 37 14 6265 476 152 979 638 5277 1174 7013 57 5038 2533 382 145 2270 611 62 3248 78 3591 123 495 1324 300 1751 8267 15 19 61 131 21 58 139 812 4040 910 277 1221 82 96 5 8528 5659 196 2740 388 516 72 140 157 4962 35 1723 117 114 9382 11 70 146 5621 3346 1602 229 4253 30 5724 9218 716 3564 231 782
42 1263 708 138 9517 968 1495 155 2076 126 482 1184 7360 69 197 252 4288 1387 1656 8 1643 236 27 4537 356 121 3585 166 914 63 164 253 224 6092 815 9 800 65 432 1132 28 2385 131 3270 2504 1287 6718 484 285 37 650 2659 1194 2976 1369 7 7408 309 19 62 612 1324 7672 102 148 720 348 4736 14 480 2168 4568 332 1352 1771 935 329 408 928 176 57 145 198 331 1491 4277 5772 15 72 58 161 625 78 103 117 7918 157 1001 8931 193 21 4186 74 146 2816 2837 2400 44 30 61 8654 1494 184 249 5 140 1017 23 7854 8929 11 112 2862 663 3135 8992 524
43 11 17 16 112 2 1019 30 110 5 21 14 2052 778 6352 946 523 70 149 6 15 327 8184 54 95 9613 2201 6410 172 8629 55 79 44 4372 7 23 9 13 256 3016 168 3596 22 310 140 4501 3616 510 7112 8 679
44 178 44 38 9 70 1023 15 7 5 28 587 14 1853 5555 398 207 62 6486 56 146 267 2983 6992 11 370 1518 20 5522 147 5299 19 503 1379 23 532 212 1124 2029 125 1135 1783 2226 1008 2601 305 6539 73 1073 256 30 35 1149 21 54 680 4844 4703
45 1502 7055 2818 554 1954 859 1310 583 138 867 155 5661 6698 6459 176 1482 2120 1122 7548 2513 69 120 252 126 3470 5990 671 3158 1714 121 184 8 193 7850 6082 27 624 303 253 2177 199 1981 2216 236 229 4266 243 1643 1597 7895 139 2487 309 665 650 1395 107 316 8992 9 914 329 482 355 7584 285 1387 1881 9832 145 5895 2112 442 63 1799 4226 131 595 72 468 720 28 37 7 2162 224 330 135 2523 114 4919 1320 382 907 19 961 737 211 4421 280 5667 2088 7307 57 14 1601 4130 1429 1506 487 164 1809 1152 62 424 299 5616 426 102 6502 517 2169 604 268 6744 2298 2973 4309 206 880 1673 58 15 901 152 9946 5270 1078 2164 8955 140 850 3863 2190 112 636 6001 273 1000 332 1702 249 2425 365 1351 21 61 161 197
46 1502 138 485 873 5974 410 155 8 27 148 3264 915 5209 665 166 1183 9 28 549 1524 896 107 968 4814 280 152 7 637 5402 4686 1972 764 5374 9731 1704 1587 4704 8929 72 19 14 145 482 249 330 2208 7037 58 309 1546 1673 1674 15 4167 777 164 1294 243 1805 204 1303 1386 890 110 277 140 78 6181 2291 146 21 2114 325 9902 2142 5 62 57 70 746 646 4755 11 8177 409 117 459 44 6366 2730 9010 103 216 496 55 733 38 74
47 2264 138 1495 583 3106 5990 3483 236 69 199 1200 468 3514 9054 5182 6930 193 2208 8 120 253 27 4291 995 184 2685 316 1171 1434 4063 309 28 139 1799 303 65 9 3142 224 1506 3621 3448 5910 229 3139 484 268 1437 37 485 1521 107 102 72 7 158 114 9768 8933 131 14 9732 1119 301 57 992 1134 19 800 625 62 880 517 7354 1762 78 1184 148 1048 1001 1689 280 1667 15 140 330 1307 2391 545 6534 393 9081 4429 96 536 6684 21 1612 3319 871 84 88 746 5 339 981 614 58 1896 112 5497 443 346 23 8489 147 599 5874 2403 1587 1645 764 480 728 155
48 3684 176 138 1384 583 404 4247 120 2955 4799 69 1554 252 148 1510 3158 27 8 751 184 494 1809 2825 356 4497 28 164 199 9 389 1344 8334 5843 330 63 1312 7 1350 74 37 19 211 1575 4157 14 236 914 1593 841 2905 300 7569 348 198 325 3692 2920 103 878 15 545 96 5728 3561 274 30 1601 65 147 21 703 388 3825 5 249 2325 35 11 398 110 403 9794 23 158 443 1023 2901 6227 117 55 2372 2171 749 62 1277 70 1260 632 119 97 267 4977
49 138 8450 2371 4613 3923 69 120 1604 8 899 1917 27 121 316 1122 4551 229 28 63 5895 184 9957 1065 7709 686 1440 148 566 1352 253 9 164 1799 107 72 7 19 114 14 476 37 914 9713 552 4164 646 638 57 131 123 158 1959 907 1452 15 5221 836 58 61 301 300 6059 331 7970 140 88 96 3190 7718 3839 6644 44 7537 3332 23 35 5158 310 2148 969 5 1017 30 38 11 235 102 519 2864 6137 7337 5605 1298 62 8315 829 454 55 3126 9548
50 534 73 8864 11 183 3246 501 5601 5 7357 145 20 96 1084 55 27 7 4046 22 110 1020 4094 210 175 38 15 5627 1298 56 21 2453 267 3869 1236 6169 119 65 54 7167 734 45 211 1871 162 742 70 2853 1933 1232 228 16 613 14 7607 651 280 4507
51 2818 9365 725 5501 977 3046 197 2826 121 27 8 5659 2148 63 3923 5603 28 9 1387 6877 5031 371 1225 665 7 1989 1826 78 1745 102 14 1159 1692 2420 268 72 329 187 2613 198 2500 1224 1491 74 3708 3824 4606 7694 19 426 3826 4946 117 611 1343 58 4433 155 510 9234 3586 15 21 749 61 30 4532 1602 2425 966 146 288 910 1417 5 23 196 519 70 1339 11 4705 45 383 1012 5534 55 299 1921 22 82 1001 8783 44 468 138
52 38 5 16 15 703 4947 536 2 331 1270 310 22 2082 61 19 7085 5804 256 1307 4025 56 275 6 1933 79 17 455 270 162 5175 23 1445 2948 30 45 6161 14 117 1469 55 897 2852 62 123 3819 7768 2886 13 102 72 187 96
53 138 968 1077 404 900 1434 1384 1495 176 252 468 3102 184 869 1876 121 356 236 909 7712 69 2433 8 679 1171 873 6126 1591 5150 243 6035 494 927 120 371 1408 566 27 6051 653 1270 9551 309 9 1510 2282 107 899 152 583 6092 166 1894 524 4478 72 62 65 8660 2976 199 114 7 139 4525 1958 19 348 7291 2261 3358 395 1294 2538 28 158 1571 37 3215 1428 14 662 800 332 187 7862 131 510 914 63 9542 1183 5773 1296 1721 6082 74 299 342 145 2430 625 8309 161 15 4977 1546 325 3395 1300 1704 3038 117 6467 61 103 78 21 126 2114 82 58 7986 2592 879 135 84 1967 7433 9294 3032 2859 6655 5205 609 5 30 2218 301 146 1420 155
54 5 119 58 15 14 2666 157 20 21 9322 9 19 96 7 824 4320 7238 6621 11 5406 443 35 331 3624 23 5415 273 82 309 88 1547 41 424 1256 139 22 55 3839 62 110 421 8474 926 2582 231 634 2 665 30 1121 137 159 332 206 38 5507 86 17 178 61 566 684
55 3244 1502 6887 1263 1737 1495 3774 176 468 1184 404 900 485 126 1089 7293 867 155 725 2112 5603 410 4650 252 8 8147 1270 27 6809 737 138 1434 121 199 4507 681 650 229 9765 1070 193 28 3477 166 9 2448 1667 2651 8094 957 107 65 1151 145 4148 662 6478 5285 211 1894 63 37 443 2577 72 747 131 19 7 2313 330 14 8099 5664 78 3008 731 57 1283 164 789 187 1691 880 348 637 7018 253 117 915 6616 58 3397 1587 1065 139 356 15 158 1223 1137 375 102 684 2697 554 2692 132 5559 204 1194 21 82 5055 342 300 1242 9037 30 110 377 4917 5 7707 2145 88 1312 44 228 6824 23 2859 123 370 5558 4052 303
56 3756 2264 1502 5276 485 1184 8402 1591 121 8 236 148 27 624 69 2371 731 9 2282 145 632 8702 62 7 2431 19 37 28 3057 135 1476 72 2943 1697 14 1194 595 7499 58 1840 805 2810 443 789 325 1613 112 3006 184 9915 825 4452 1600 388 3014 5566 878 3796 44 5 23 390 103 11 35 1629 5472 2451 21 2858 370 132 680 30 2044 146 391 88 1690 96 3631 20 587 707 178 8114 117 45 520 1581 120 728
57 3975 708 1334 1572 797 176 3831 2120 2371 69 2780 6986 356 2112 126 410 197 583 372 8 121 404 148 63 27 6979 6452 243 3613 253 566 199 28 940 1468 268 671 166 145 107 9 3807 3299 316 65 152 7559 2683 224 6616 7 309 102 135 4618 7672 14 19 907 2134 389 4301 62 74 37 480 2359 778 187 3266 1294 7546 4859 1757 117 650 5801 659 8672 82 6169 4436 139 2744 572 2759 346 4035 3884 2085 2100 484 15 4099 7827 720 7042 884 21 545 9311 8272 206 619 599 5876 249 204 88 1877 131 486 365 231 5 523 2147 44 382 3392 5447 11 1408 331
58 1132 65 14 21 1307 655 78 325 9 8 300 1723 117 7 88 574 5 1287 44 2163 121 84 15 196 9837 585 11 388 178 2148 235 2427 716 785 375 146 23 2249 55 429 459 1665 56 157 289 520 370 38 37 103 74 1534 41 62 19 7384 30 73 147 1198 20 5312 7170 119 161 3338
59 11 55 22 41 61 35 23 204 2 80 16 6246 9 536 5 1566 125 38 8969 871 1966 1277 83 189 4646 2104 327 535 1187 6 2948 117 434 902 15 56 167 3908 79 118 203 37 161 2043 195 382
60 23 395 44 21 132 11 15 346 5 3235 1756 110 1548 1304 4742 7 9128 321 325 716 238 7337 235 41 6702 119 660 38 22 2300 749 429 261 83 84 8 2 16 6 4606 17 1942 886 115 409 103 58 14 2181 80 3224 90 28 4247 63
61 5882 70 6029 1478 110 516 9 103 1227 5 978 21 30 20 7 45 659 216 44 1218 1442 1497 4858 38 1168 9678 762 277 8 476 444 15 55 587 3862 11 96 1134 6536 123 422 132 84 1877 2739 41 6565 3624 16 1872 79 1626 175 2 274 3398
62 7624 1310 138 583 2076 155 176 9502 919 120 69 404 1173 356 197 8734 236 199 126 1610 148 2616 27 8 6379 303 1826 164 650 6668 2521 3428 139 1183 107 65 679 9 5295 28 662 2196 1106 4413 1070 389 72 3270 625 7966 1122 495 62 135 7454 4982 37 1881 7 2106 5887 102 907 301 158 332 2785 309 382 348 14 4089 3363 19 3052 5876 5626 5634 325 2858 2292 552 63 1283 1132 5395 57 442 58 117 1221 2116 443 3870 1117 1225 78 3927 15 112 157 1771 3443 82 2298 4532 1674 1187 849 8480 2091 2698 587 1651 2563 9634 146 454 3970 4606 74 439 5284 5 5773 1169 739 5406 513 187 5210 5432 484 1591
63 1495 138 583 900 7892 155 968 709 2371 1554 8402 4813 148 184 1283 2291 977 8 468 120 4281 8897 1524 27 3248 1183 63 1052 1395 356 8200 285 3991 4497 3412 3398 9 28 164 4364 8309 6730 316 280 107 907 432 1385 329 7218 1638 69 1894 2359 135 65 131 7 2158 3054 7809 1571 19 1745 2683 3205 5448 372 14 2849 3759 72 37 57 487 638 139 1256 824 145 859 849 3642 4636 6481 1303 815 330 7461 74 395 1714 243 102 1223 78 843 1236 3008 117 58 4880 5779 15 5579 2579 3222 727 1019 82 9990 198 8355 7121 176 3025 715 9616 21 439 1174 147 84 8947 532 3423 8543 206 204 44 5 1104 1967 7559 660 2112
64 1737 9305 621 120 126 5091 69 356 1283 671 8 166 229 6769 63 193 1236 27 28 9584 2705 9 1384 299 7837 4291 3211 1745 494 152 1930 107 72 7 3032 102 342 2126 19 829 451 348 2145 5055 2967 58 5253 841 114 74 145 57 157 1541 662 158 1989 290 140 211 1232 62 2649 2433 15 277 7908 1606 310 3022 30 1562 21 1227 103 1547 5355 2958 5 2697 56 375 1274 238 5708 1258 11 1296 1061 35 73 784 204 335 5451 45 1292 7816 265 139 731
65 21 2525 15 9021 455 969 112 614 178 55 38 3878 2847 9421 14 9 97 19 5 424 20 255 11 1665 545 429 198 1429 3676 982 84 7 1628 634 37 9017 56 432 23 377 45 183 44 7995 6691 6913 110 1404 722 335 3094 8 30 240 233 22 9977 8901
66 3477 138 404 252 485 7674 1564 236 356 549 3767 27 166 155 5973 8 468 63 1437 684 229 681 9 65 662 815 632 211 1369 7325 1093 28 524 158 8955 301 8012 4696 382 4347 19 7 14 78 342 2785 1376 4744 1365 57 4103 2139 300 1610 4403 114 37 1550 1272 224 2809 5643 5845 1673 117 135 103 4148 734 58 15 62 1171 375 4872 61 3768 1395 812 30 7868 204 2610 84 316 161 147 5 5998 21 795 70 74 289 4673 11 1528 23 4814 82 749 112 35 596 7007 3537 646 1023 164 2612
67 1290 1263 138 3975 3389 4023 155 9886 708 2713 4977 3767 468 404 1679 126 120 2148 1495 2291 69 482 2700 1225 8 184 27 681 7537 1270 63 199 5860 2707 229 899 671 1052 309 3467 139 2478 1881 1387 28 1809 65 1434 9 121 7594 815 2823 193 8080 372 285 4510 650 1734 3266 152 1204 2196 4178 37 552 5313 131 7 62 19 135 2976 487 331 78 7687 637 907 72 14 1506 8215 249 299 57 574 4551 7915 4554 4817 187 8541 224 4885 375 5751 1287 1365 432 1878 102 1413 880 211 7033 513 3240 157 2608 3517 300 524 15 890 604 3420 511 2627 408 61 2132 2960 6147 206 709 240 1137 1521 387 21 3302 1735 2348 3293 158 5699 7275 2791 6259 8819 679 1386 6837 2431 3348 9824
68 554 1888 155 4347 69 725 197 236 199 356 6163 3591 27 426 1734 8466 5350 28 8 372 9 653 243 5286 404 896 229 1395 5582 63 899 3160 5848 62 299 7 184 102 9710 19 249 1593 65 37 612 78 342 331 3884 6745 135 2258 301 14 114 501 57 2533 720 161 330 776 1549 8733 2378 273 604 21 58 715 5872 647 1113 1669 123 15 44 8911 103 117 513 2837 545 4959 1697 4724 1638 3603 5 1251 11 1258 1412 8241 1352 112 274 207 1436 183 7342 1450 6961 255 2265 1537 148 120
69 20 2869 11 4276 4152 5 171 96 519 7 158 784 41 2 88 83 56 211 370 135 6 993 146 532 277 90 15 37 5241 3500 17 422 7444 702 390 84 16 4828 7371 427 61 8180 14 22 30 4008 516 2367 6692 35 13 850
70 631 11 7 5 2950 325 56 809 289 73 8635 44 778 21 5385 4609 17 54 216 2 162 3135 41 38 14 970 83 20 1262 2397 9013 1019 151 446 112 238 3661 95 1393 2624 22 30 23 6 593 35 74 80 45
71 2591 1671 968 859 138 2513 404 1495 3684 1384 919 355 4656 252 4148 197 442 2291 120 184 329 121 69 8 148 6018 290 5295 27 1766 3424 243 164 2700 309 655 728 236 229 7086 139 9 1506 727 268 28 709 2212 330 9957 2304 443 37 131 63 158 1721 114 8334 7 549 609 2684 199 19 102 8019 426 962 1151 480 1090 249 72 62 4881 331 2168 2240 4131 2492 663 484 6005 7600 57 1155 1272 1599 1522 1697 624 6668 15 612 451 301 14 103 2238 561 112 2972 439 881 1221 4044 74 1401 1629 8992 267 84 61 30 21 2020 739 196 715 110 5850 4632 825 2654 5 3082 204 44 231 1452
72 5 82 11 890 114 803 7 14 23 5038 15 2094 252 1128 70 132 69 19 9359 171 785 1126 1215 20 1144 377 57 391 22 6462 8 1428 421 1861 110 3126 65 102 233 1758 2262 97 41 61 17 1483 115 1988 210 231 103 536 137 16 339 1190 335 9 6577
73 8438 23 333 15 5627 5 11 1251 70 178 1472 103 44 515 1307 3357 58 57 4923 41 1442 6518 131 952 20 6045 19 6359 2480 6327 28 228 92 6361 38 596 132 22 9 110 8 3826 54 1733 1414 545 16 231 9512 115 119 1055 424 137 2 619 6462 1456 909 120
74 621 5526 968 155 1583 126 184 2112 914 148 468 9543 121 199 120 8 1610 948 63 27 253 1917 2274 2385 6097 372 9 145 625 28 8938 4514 612 992 410 1332 252 37 659 3759 62 3502 19 107 7 102 65 1447 14 4597 841 224 1401 517 2048 187 58 131 316 2967 1428 117 2735 7774 61 707 15 8365 715 4801 78 501 21 112 1110 30 114 57 594 196 1979 268 5 4429 3025 825 1398 4672 8241 1307 82 836 8520 5034 2147 3066 5686 1754 11 4221 44 140 146 523 2296
75 1671 1482 6165 873 155 977 69 2177 6290 679 4342 8 410 63 224 27 3520 28 2238 6767 9 751 782 3204 107 2448 2616 62 1522 1005 542 166 7 1593 121 37 1119 145 57 72 501 3853 14 19 58 4834 9665 388 2919 426 8271 1446 15 6543 211 3561 82 824 971 21 762 5 1883 3369 240 1628 703 516 11 23 396 884 139 735 1966 1768 157 436 147 5878 249 3195 370 1732 1961 2981 2787 1000 119 4388 5872 35 140 245 9485 316 4225 371
76 2060 867 900 869 155 3992 8095 6402 121 8 549 27 184 3279 236 4364 372 3182 148 28 63 6288 126 2168 9 389 107 145 1344 3408 681 152 542 114 7 484 164 552 14 166 1388 3060 19 495 8635 3069 332 103 659 2504 1307 285 267 4530 62 517 2941 4221 511 2844 61 8380 112 21 157 30 6392 9421 15 196 5 3596 69 455 325 82 4878 2708 1272 35 146 11 3853 9317 4941 4917 23 563 715 44 6335 245 459 88 37 387 204 383 199 371 424 84
77 235 20 1393 6 97 3981 21 2 117 249 305 168 95 9360 140 83 11 18 118 499 5 30 16 5817 17 15 1087 631 1442 14 7 1883 599 35 402 240 1599 60 114 2942 203 45 90 24 2582 27 4594
78 30 37 28 114 4277 310 21 5 57 424 2175 11 23 1805 7 1417 82 1186 9 6376 110 38 4849 14 1012 1088 45 2033 267 885 6514 1096 5902 131 22 300 422 1950 1128 271 80 16 3999 383 240 233 41 15 1030 210 1743 117 426 2 946 44 58 3804 476 126
79 45 11 3242 7 55 387 44 611 933 20 56 1988 54 84 983 2 149 756 235 7345 80 57 15 1861 17 5 2268 21 79 288 110 694 6031 1187 240 118 35 489 745 256 65 370 496 210 1000 30 245 162 140 733 139
80 138 2060 3106 869 968 126 686 6337 120 69 404 197 303 184 8 3923 176 442 224 6126 8454 6057 7389 609 1572 2198 63 309 1799 426 285 5209 2741 1256 389 65 252 9 28 27 5546 299 107 329 3166 1132 382 1159 919 3826 37 1090 7 158 4317 782 665 5124 1540 121 19 342 1153 703 72 3540 57 4329 14 596 3708 1339 2063 348 74 249 371 805 451 1757 2985 187 7013 139 899 131 155 15 1171 58 928 574 1423 4320 1549 82 1232 112 878 2240 1274 300 102 206 2857 395 1350 653 211 6735 9183 1386 147 4726 4859 30 1360 2249 123 62 5 6486 971 117 8040 990 778 496 2869
81 138 554 155 120 7234 148 8 27 69 329 8094 316 8992 28 65 737 9 1564 152 372 662 268 3441 131 9039 37 7081 7 211 19 62 3199 102 8243 1183 193 1575 2138 5516 1387 57 2820 2088 2668 1707 14 6951 638 596 58 72 15 63 103 206 61 715 7173 267 487 1112 929 513 82 2240 44 5 196 594 140 240 1339 2185 38 277 119 626 56 21 455 631 11 1017 2852 2017 126 1528 20 145 41 972 245 3397 694 8713 146 542 442
82 1671 3097 138 155 6656 355 120 3457 252 126 7677 8 725 121 494 1734 63 229 253 139 27 999 907 65 9 426 28 484 3142 37 2717 166 7 432 1937 14 199 69 7253 74 2047 62 3471 19 662 61 131 1606 3332 58 7975 3493 82 8643 309 5472 161 15 339 4018 21 496 110 684 78 30 102 231 8342 3631 3205 147 1325 5 1628 96 451 1530 524 146 72 11 56 271 1135 73 55 2593 212 3323 112 598 641 125 1300 1303 1124 236
83 3244 1482 859 155 968 2780 126 485 900 199 184 2433 372 8 121 4022 69 371 4178 120 4273 28 9 148 329 2229 1524 63 1065 4188 382 301 632 7 1376 1225 19 5442 2825 14 2292 751 6607 1483 1004 3443 8839 663 61 1862 58 15 9649 21 5268 871 343 82 147 44 3033 3769 103 519 5 3796 117 30 114 228 78 8123 585 513 38 742 132 211 4819 198 23 503 37 70 56 339 102 92 2654 135 6137 3586 3692 404 35 11 321
84 138 6049 176 621 5276 468 9047 4266 2701 5725 914 8 940 482 27 4432 9 28 1826 1131 5031 2871 4210 3008 915 145 1707 7 1327 229 1447 7959 824 72 442 382 37 410 595 3424 5268 1506 131 332 135 78 4291 599 1541 65 1369 2169 1771 1725 1483 63 15 14 117 789 495 348 3268 513 7042 3395 123 1275 30 21 7341 132 339 841 2417 5 3089 1012 613 2812 3768 1128 280 1223 4950 301 480 23 62 114 11 38 82 20 7575 256 3598 45 1258 5908 245 6672
85 14 15 1412 715 8 62 5605 636 3024 82 27 123 88 7 442 103 1757 21 332 7876 30 240 28 782 5 37 5641 299 3569 249 1137 9 231 38 1344 516 626 2652 55 20 11 615 56 2730 35 574 409 73 3319 216 1690 19 1398 408 5914 23 267 44 403 96 762 84 17 2604 238 146 65 135
86 485 199 27 8 968 7584 28 1734 164 5350 9514 152 782 2019 72 6087 1896 372 8978 5773 7 121 62 9 1757 19 4618 3137 131 14 206 348 538 726 1601 37 596 145 636 625 57 102 3526 4537 267 15 424 21 157 112 96 545 161 30 500 268 1548 841 240 1128 1114 1529 480 231 277 5 4962 44 82 2377 8790 1011 88 63 58 300 23 74 484 4281 238 11 2492 110 3741 973 532 178 4122 3024 436
87 7 61 5136 9 949 339 15 1702 2334 1541 1558 2509 74 1884 110 1137 30 717 442 5 552 1847 2288 107 1048 37 2757 11 28 44 503 1809 632 299 615 3069 231 23 4048 1611 3598 5561 6134 196 288 388 57 207 97 2428 4219 611 4070 41 78 20 1098 14 789 55 21 1727 35 742 687 5304 935 616 38 5974
88 1263 869 7117 1583 1958 120 4841 1591 355 155 69 4500 8 914 27 5546 7727 5668 356 9593 9 63 290 957 5778 2316 329 316 211 1571 1468 7777 37 164 19 7 6831 166 928 879 659 193 510 595 1627 14 135 9957 117 57 131 121 1395 907 3879 829 15 1027 21 74 161 715 78 126 375 803 480 7734 7481 300 277 5 147 72 388 1017 2372 777 1223 611 145 273 538 549 58 38 497 132 1275 152 45 178 92 9208 23 5041 2475 3704 1673 3561 216 35 65
89 3698 8 15 496 21 971 74 7 5 9 1000 44 1065 459 531 240 183 604 836 2114 30 267 2552 96 455 114 70 335 333 850 739 11 9657 9382 2941 3038 35 28 1154 152 78 6959 23 943 38 1307 4115 4048 594 2639 1020 41 126 146 88 211 187 1340 1847 1292 61 5175 22 73 3983 1121 206 69 102 2170 410
90 4171 155 554 2899 1384 3457 9054 120 8 655 229 28 410 139 679 27 309 4829 9 720 1452 107 4329 158 896 7 102 330 3977 6160 1110 3299 331 145 1189 19 14 2212 2169 290 72 2322 1704 198 424 65 1223 15 510 37 751 157 8381 1808 21 7707 9358 8461 382 4479 3022 30 5 110 5905 140 58 1779 4605 3100 146 11 57 1447 409 23 342 238 56 35 1242 1869 4672 2977 92 7245 4801 288 255 449 7492 9299 372 63
91 3244 138 869 176 4171 120 948 126 5659 184 8 193 253 199 27 426 139 1437 9 2371 145 28 164 2685 389 2741 1287 2871 1016 1691 2492 135 7 72 2282 585 9127 14 1119 843 330 114 19 655 65 881 78 4962 61 63 161 82 880 3066 280 131 663 962 501 1070 224 58 410 5664 4609 57 2905 4081 30 74 44 112 15 901 5 7315 8438 1457 841 228 647 455 4370 84 96 210 1227 387 11 9167 35 23 3003 1221 983 4581 55 152 534 38 211 919
92 3097 1334 1958 176 9138 583 120 121 356 549 69 1714 8 252 199 27 1434 253 1065 585 2067 9 28 3676 442 7776 65 8801 7 37 268 145 72 1106 14 3299 355 907 659 57 7373 62 6166 2572 1862 346 7977 19 74 715 290 15 8948 815 2385 21 30 1549 971 147 679 5329 5 4221 316 161 2360 735 20 299 408 73 2371 206 38 9906 58 255 41 1456 881 97 112 1073 125 2840 22 7924 2 5859 373 9211 210 5585
93 216 310 534 4533 23 14 30 112 660 7414 11 84 454 162 2 70 119 9040 2285 526 96 16 15 55 35 597 147 5 398 189 238 409 632 469 61 370 88 86 2097 80 6 2739 7 6249 38 434 422 158 9
94 800 348 14 61 8 84 316 15 161 19 703 7635 365 983 515 5 6593 135 28 2985 206 21 30 375 599 680 57 7392 1124 5633 11 393 110 2816 56 22 16 35 23 2 63 7590 17 20 619 54 557 7971 45 83 627 697 574 7 38 2631 5819 1218 4625
95 178 746 20 429 45 784 84 574 886 255 11 22 183 14 300 44 513 92 7842 41 119 54 9 3661 3430 2173 271 301 147 28 63 4106 861 5 284 2 331 7 3692 17 389 2670 3489 15 256 4621 4337 73 550 702 27 70 16 97 8 240 6971
96 35 21 271 726 84 7884 7 784 1834 78 9 20 5 17 88 41 2 162 5195 30 2099 9675 2275 83 16 1195 80 1385 5287 1465 139 207 15 1691 377 22 261 44 2330 140 2442 335 632 11 92 56 609 125 8 90 45 102 6376 161 6 27 14 6180
97 5381 138 6102 5276 4142 4301 9691 120 126 69 1434 8 9630 4266 1200 6379 27 285 2653 3441 28 426 9 624 148 1881 1868 197 249 815 7 329 14 1095 102 131 2492 65 78 158 72 62 61 3397 63 5712 6062 19 707 6361 585 3231 15 1807 140 114 1258 1112 1478 735 96 187 21 267 198 519 7176 44 3769 5029 5 103 57 132 2573 273 5582 436 983 11 212 403 23 596 45 70 3782 2508 1548 1301 1454 178 523 84 20 3858 303 176
98 3097 120 2148 236 410 69 8 5394 27 797 915 2039 927 2478 7347 229 139 63 9 7753 121 6201 1736 5350 7173 72 285 62 7 249 114 224 19 28 14 329 1161 5084 65 4157 58 198 157 4040 175 303 6628 82 117 2008 1450 2246 5 1207 9155 15 23 1006 707 5130 377 44 145 56 1275 35 3065 7022 20 55 3517 11 41 8349 110 434 16 74 7691 2 235 375 949 88 327 22 1091 17 355
99 138 3110 155 708 1954 1334 6402 303 120 3849 5851 485 199 7234 69 2478 686 355 4869 549 8 27 1070 4226 410 371 1756 193 224 309 3182 389 28 9 63 65 253 166 4258 316 7959 301 37 1153 7 637 2293 5313 19 3057 747 5936 1132 135 7869 14 62 139 145 8270 1541 107 9447 599 1476 72 249 78 1401 789 609 57 880 2577 117 901 595 61 611 1702 211 15 4589 4089 8044 175 74 1437 161 339 3319 299 1274 2721 2163 21 2918 1651 103 30 1591 1017 96 5 510 44 933 3109 310 5160 1966 3304 5069 238 2977 23 158 1088 742 6228 725
